0,0,469,317:497,225,2,19;434,87,30,179;457,319,44,187;427,315,73,32;479,245,115,49;474,272,155,109;466,318,229,117;434,86,289,344;427,315,321,203;475,287,390,215;479,245,452,75;390,374,479,135;485,237,558,140;498,224,567,142;485,235,602,14;477,269,741,360;434,86,742,360;406,362,754,157;476,304,776,159;497,225,871,96;498,224,926,171;510,414,0,6;510,414,0,6;510,414,0,6;510,414,0,6;510,414,0,6;
0,318,469,321:469,321,3,20;469,320,9,3;457,319,44,187;459,323,55,39;427,315,73,32;469,321,181,214;466,318,229,117;469,320,251,236;468,320,265,342;469,321,288,125;427,315,321,203;467,319,360,347;390,374,479,135;468,320,566,298;469,321,678,247;469,321,704,251;406,362,754,157;469,321,840,363;469,321,877,167;469,320,898,97;469,321,952,174;469,320,1001,333;510,414,0,6;510,414,0,6;510,414,0,6;510,414,0,6;
470,0,470,320:497,225,2,19;469,320,5,21;470,321,15,36;434,87,30,179;479,245,115,49;474,272,155,109;466,318,229,117;475,287,390,215;479,245,452,75;485,237,558,140;498,224,567,142;485,235,602,14;471,320,736,89;477,269,741,360;476,304,776,159;482,265,796,316;497,225,871,96;469,320,898,97;498,224,926,171;469,320,1001,333;510,414,0,6;510,414,0,6;510,414,0,6;510,414,0,6;510,414,0,6;510,414,0,6;
470,321,470,321:469,321,3,20;469,320,5,21;469,321,13,5;470,321,15,36;469,321,43,25;470,321,152,187;469,321,202,341;469,321,233,118;469,321,253,60;469,321,279,201;469,321,288,125;470,321,375,212;470,321,523,294;470,321,660,358;469,321,678,247;469,321,704,251;469,321,840,363;469,321,877,167;469,321,897,274;469,320,1001,333;469,321,1003,101;510,414,0,6;510,414,0,6;510,414,0,6;510,414,0,6;510,414,0,6;
0,322,469,321:469,321,3,20;469,321,26,183;457,319,44,187;459,323,55,39;427,315,73,32;469,321,145,339;469,321,147,187;469,321,157,340;469,321,181,214;469,321,215,115;469,321,233,118;469,320,251,236;468,320,265,342;469,321,279,201;427,315,321,203;467,319,360,347;469,321,401,275;469,321,415,349;390,374,479,135;468,320,566,298;469,321,676,152;406,362,754,157;469,321,952,174;510,414,0,6;510,414,0,6;510,414,0,6;
0,322,469,322:469,321,3,20;457,319,44,187;459,323,55,39;427,315,73,32;469,323,133,8;469,321,145,339;469,321,147,187;469,321,149,52;469,321,181,214;469,321,203,56;469,321,210,224;469,320,251,236;468,320,265,342;469,321,281,241;427,315,321,203;467,319,360,347;470,321,379,213;469,321,401,275;469,321,415,349;469,321,462,0;390,374,479,135;469,321,496,292;468,320,566,298;406,362,754,157;469,321,763,158;469,321,952,174;
470,322,470,321:469,321,13,5;469,321,17,0;469,321,25,23;469,321,26,183;469,321,27,0;469,321,31,38;469,321,148,206;469,321,151,339;469,321,157,340;469,321,176,114;469,321,211,225;469,321,215,115;469,321,253,60;469,321,280,240;470,321,375,212;469,321,421,132;469,321,497,352;470,321,523,294;470,321,660,358;470,321,714,310;469,321,897,274;469,321,1003,101;510,414,0,6;510,414,0,6;510,414,0,6;510,414,0,6;
470,322,470,322:469,321,31,38;469,321,85,103;469,323,133,8;469,321,147,187;469,321,149,52;469,321,210,224;469,321,211,225;469,321,267,342;469,321,280,240;469,321,281,241;470,321,364,68;470,321,375,212;470,321,379,213;469,321,421,132;469,321,496,292;469,321,497,352;470,321,504,138;470,321,523,294;470,321,545,230;470,321,660,358;470,321,714,310;469,321,763,158;469,321,1003,101;510,414,0,6;510,414,0,6;510,414,0,6;
471,0,483,241:497,225,2,19;434,87,30,179;501,223,59,28;483,240,81,40;483,241,95,180;479,245,115,49;483,242,179,190;484,240,200,221;483,241,204,115;480,244,326,204;484,240,403,276;482,242,441,133;479,245,452,75;485,237,558,140;498,224,567,142;497,227,590,234;485,235,602,14;483,241,816,93;497,225,871,96;498,224,926,171;510,414,0,6;510,414,0,6;510,414,0,6;510,414,0,6;510,414,0,6;510,414,0,6;
471,242,483,244:483,241,95,180;483,242,109,202;479,245,115,49;483,243,117,338;483,242,179,190;482,243,184,112;482,245,185,113;483,242,191,192;483,242,259,122;480,244,326,204;481,245,378,347;483,242,426,217;482,242,441,133;479,245,452,75;483,242,508,224;483,241,626,303;483,242,639,357;483,243,685,153;483,243,707,154;483,241,816,93;483,243,854,322;510,414,0,6;510,414,0,6;510,414,0,6;510,414,0,6;510,414,0,6;
484,0,484,241:497,225,2,19;434,87,30,179;484,241,40,12;501,223,59,28;483,240,81,40;484,240,129,183;484,240,163,209;484,240,200,221;484,240,257,198;484,240,403,276;484,240,405,277;484,240,525,227;485,237,558,140;498,224,567,142;497,227,590,234;485,235,602,14;483,241,816,93;497,225,871,96;498,224,926,171;510,414,0,6;510,414,0,6;510,414,0,6;510,414,0,6;510,414,0,6;510,414,0,6;510,414,0,6;
484,242,484,244:484,241,40,12;483,240,81,40;484,243,91,104;483,241,95,180;483,242,191,192;483,241,204,115;484,240,257,198;483,242,259,122;484,241,491,78;483,242,508,224;484,243,542,295;483,241,626,303;483,242,650,62;483,243,685,153;483,243,707,154;483,241,816,93;483,243,854,322;484,243,855,322;484,245,906,276;483,242,969,149;510,414,0,6;510,414,0,6;510,414,0,6;510,414,0,6;510,414,0,6;510,414,0,6;
471,245,479,320:469,320,5,21;479,245,115,49;479,322,127,50;474,272,155,109;466,318,229,117;472,321,252,121;482,270,283,61;475,287,390,215;479,245,452,75;477,286,476,220;471,320,736,89;477,269,741,360;476,304,776,159;482,265,796,316;482,305,895,73;479,245,927,171;482,264,940,74;510,414,0,6;510,414,0,6;510,414,0,6;510,414,0,6;510,414,0,6;510,414,0,6;510,414,0,6;510,414,0,6;510,414,0,6;
471,321,479,322:469,320,5,21;470,321,15,36;470,321,124,338;479,322,127,50;469,323,133,8;470,321,152,187;479,322,201,341;470,321,239,117;472,321,252,121;479,322,338,259;470,321,364,68;470,321,375,212;470,321,379,213;479,322,595,145;470,321,607,300;470,321,672,246;471,320,736,89;474,323,737,312;510,414,0,6;510,414,0,6;510,414,0,6;510,414,0,6;510,414,0,6;510,414,0,6;510,414,0,6;510,414,0,6;
480,245,484,276:479,245,115,49;482,245,185,113;484,246,213,193;482,270,283,61;480,244,326,204;481,245,378,347;480,245,438,350;482,265,552,133;492,253,579,355;492,253,669,245;483,243,707,154;477,269,741,360;482,265,796,316;484,245,906,276;479,245,927,171;482,264,940,74;510,414,0,6;510,414,0,6;510,414,0,6;510,414,0,6;510,414,0,6;510,414,0,6;510,414,0,6;510,414,0,6;510,414,0,6;510,414,0,6;
480,277,484,322:480,324,45,14;480,323,107,106;479,322,127,50;474,272,155,109;479,322,201,341;490,321,208,22;482,270,283,61;479,322,338,259;475,287,390,215;480,323,463,289;477,286,476,220;480,323,581,144;479,322,595,145;483,325,644,148;476,304,776,159;489,322,844,69;482,305,895,73;510,414,0,6;510,414,0,6;510,414,0,6;510,414,0,6;510,414,0,6;510,414,0,6;510,414,0,6;510,414,0,6;510,414,0,6;
0,323,471,330:469,326,21,181;457,319,44,187;459,323,55,39;467,330,67,30;427,315,73,32;467,330,93,42;469,323,133,8;471,326,135,44;467,330,264,124;467,330,273,343;468,330,274,200;469,330,278,343;427,315,321,203;467,319,360,347;470,321,364,68;390,374,479,135;468,320,566,298;406,362,754,157;510,414,0,6;510,414,0,6;510,414,0,6;510,414,0,6;510,414,0,6;510,414,0,6;510,414,0,6;510,414,0,6;
0,331,471,343:457,319,44,187;459,323,55,39;467,330,67,30;427,315,73,32;467,330,93,42;473,332,164,111;467,330,264,124;467,330,273,343;468,330,274,200;467,330,277,239;469,330,278,343;427,315,321,203;467,330,446,288;390,374,479,135;467,330,498,353;468,350,553,60;467,330,661,358;468,330,667,151;470,347,688,247;406,362,754,157;510,414,0,6;510,414,0,6;510,414,0,6;510,414,0,6;510,414,0,6;510,414,0,6;
472,323,479,324:478,324,86,41;470,321,124,338;479,322,127,50;469,323,133,8;471,326,135,44;479,322,201,341;472,321,252,121;470,321,364,68;478,324,485,137;479,323,499,137;479,323,589,13;479,323,610,137;474,323,737,312;479,323,894,274;479,323,965,368;510,414,0,6;510,414,0,6;510,414,0,6;510,414,0,6;510,414,0,6;510,414,0,6;510,414,0,6;510,414,0,6;510,414,0,6;510,414,0,6;510,414,0,6;
472,325,479,343:479,325,35,37;478,324,86,41;477,351,113,181;471,326,135,44;479,330,144,45;473,332,164,111;487,342,244,59;479,325,275,343;469,330,278,343;478,324,485,137;475,327,495,222;470,347,688,247;479,324,700,153;478,332,718,251;474,323,737,312;479,325,979,175;510,414,0,6;510,414,0,6;510,414,0,6;510,414,0,6;510,414,0,6;510,414,0,6;510,414,0,6;510,414,0,6;510,414,0,6;510,414,0,6;
0,344,462,382:458,380,14,6;452,389,48,190;459,323,55,39;460,380,58,336;427,315,73,32;461,381,104,338;460,381,222,194;460,381,337,206;273,531,386,130;460,380,472,352;390,374,479,135;468,350,553,60;470,365,665,150;460,380,670,245;470,347,688,247;406,362,754,157;461,381,778,261;461,382,896,169;510,414,0,6;510,414,0,6;510,414,0,6;510,414,0,6;510,414,0,6;510,414,0,6;510,414,0,6;510,414,0,6;
0,383,462,393:458,380,14,6;462,388,22,22;452,389,48,190;462,384,138,339;462,384,150,109;460,381,222,194;454,390,260,198;273,531,386,130;460,382,423,349;460,383,424,73;462,384,469,290;390,374,479,135;462,388,522,138;462,385,710,309;452,390,738,256;406,362,754,157;461,381,778,261;458,388,848,269;461,382,896,169;510,414,0,6;510,414,0,6;510,414,0,6;510,414,0,6;510,414,0,6;510,414,0,6;510,414,0,6;
463,344,479,382:477,351,113,181;482,372,139,20;484,377,173,21;477,356,182,190;487,342,244,59;484,386,475,135;468,350,553,60;470,365,665,150;460,380,670,245;470,347,688,247;478,351,773,315;461,381,778,261;469,384,859,270;467,381,889,72;478,356,950,330;480,363,974,175;470,384,1021,371;510,414,0,6;510,414,0,6;510,414,0,6;510,414,0,6;510,414,0,6;510,414,0,6;510,414,0,6;510,414,0,6;510,414,0,6;
463,383,479,393:463,385,20,0;462,388,22,22;462,384,150,109;463,385,466,289;462,384,469,290;484,386,475,135;462,388,522,138;468,384,530,227;463,385,619,302;463,385,686,307;462,385,710,309;461,381,778,261;469,384,859,270;464,386,864,323;467,381,889,72;461,382,896,169;469,384,933,279;470,384,1021,371;510,414,0,6;510,414,0,6;510,414,0,6;510,414,0,6;510,414,0,6;510,414,0,6;510,414,0,6;510,414,0,6;
480,323,479,324:478,324,86,41;479,322,127,50;479,324,192,217;479,322,201,341;479,322,338,259;480,324,406,71;480,323,463,289;479,323,499,137;479,323,589,13;479,323,596,235;479,323,610,137;480,324,647,242;479,324,700,153;479,323,894,274;480,324,917,328;479,323,965,368;510,414,0,6;510,414,0,6;510,414,0,6;510,414,0,6;510,414,0,6;510,414,0,6;510,414,0,6;510,414,0,6;510,414,0,6;510,414,0,6;
480,325,479,325:479,325,35,37;478,324,86,41;479,324,103,200;479,325,128,183;479,324,177,212;479,324,192,217;479,325,231,230;479,325,234,231;479,325,275,343;479,324,370,212;480,324,406,71;479,324,493,222;479,325,691,248;479,324,700,153;479,325,709,359;479,324,793,263;479,325,935,329;510,414,0,6;510,414,0,6;510,414,0,6;510,414,0,6;510,414,0,6;510,414,0,6;510,414,0,6;510,414,0,6;510,414,0,6;
480,323,484,324:480,324,45,14;480,323,107,106;480,324,108,201;479,324,192,217;480,324,194,218;480,323,302,248;480,324,310,126;479,322,338,259;480,323,463,289;480,323,564,141;480,323,581,144;479,323,596,235;483,325,644,148;480,324,647,242;480,323,664,358;480,324,887,168;480,324,917,328;510,414,0,6;510,414,0,6;510,414,0,6;510,414,0,6;510,414,0,6;510,414,0,6;510,414,0,6;510,414,0,6;510,414,0,6;
480,325,484,325:480,324,45,14;480,325,96,105;480,325,170,210;480,324,241,196;480,325,295,344;480,324,310,126;480,324,334,128;481,325,345,206;480,324,406,71;480,324,563,298;480,324,599,235;483,325,644,148;479,325,691,248;480,324,745,313;479,324,793,263;480,324,887,168;480,324,917,328;480,325,975,332;510,414,0,6;510,414,0,6;510,414,0,6;510,414,0,6;510,414,0,6;510,414,0,6;510,414,0,6;510,414,0,6;
480,326,481,325:479,325,35,37;480,325,96,105;479,325,128,183;480,325,137,185;480,325,156,110;480,325,170,210;479,325,231,230;480,325,295,344;481,325,345,206;480,325,391,272;479,325,562,297;480,324,599,235;479,325,691,248;480,325,720,252;480,324,745,313;479,325,935,329;480,325,975,332;480,325,976,282;479,325,979,175;510,414,0,6;510,414,0,6;510,414,0,6;510,414,0,6;510,414,0,6;510,414,0,6;510,414,0,6;
480,326,481,393:482,364,78,35;482,373,82,18;477,351,113,181;480,325,137,185;482,372,139,20;479,330,144,45;484,377,173,21;487,342,244,59;481,325,345,206;482,364,435,124;484,386,475,135;479,325,562,297;478,332,718,251;480,325,720,252;483,374,728,311;478,351,773,315;478,356,950,330;480,363,974,175;480,325,976,282;479,325,979,175;510,414,0,6;510,414,0,6;510,414,0,6;510,414,0,6;510,414,0,6;510,414,0,6;
482,326,484,368:488,351,76,197;482,364,78,35;477,351,113,181;482,372,139,20;479,330,144,45;487,342,244,59;481,325,345,206;482,364,435,124;489,334,468,290;485,353,471,77;482,364,507,224;483,325,644,148;478,332,718,251;480,325,720,252;478,351,773,315;484,373,805,93;478,356,950,330;480,363,974,175;510,414,0,6;510,414,0,6;510,414,0,6;510,414,0,6;510,414,0,6;510,414,0,6;510,414,0,6;510,414,0,6;
482,369,484,393:483,373,63,336;483,373,69,16;482,364,78,35;482,373,82,18;483,373,126,338;482,372,139,20;484,377,173,21;483,373,197,219;483,374,254,342;483,373,350,207;488,394,354,51;483,373,384,214;487,378,430,218;484,373,436,218;484,386,475,135;483,373,484,136;483,374,728,311;484,373,805,93;484,373,1004,151;510,414,0,6;510,414,0,6;510,414,0,6;510,414,0,6;510,414,0,6;510,414,0,6;510,414,0,6;
485,0,498,226:497,225,1,103;497,225,2,19;499,224,8,8;499,225,24,182;434,87,30,179;501,223,59,28;497,226,230,195;499,225,258,122;497,226,318,346;499,225,418,131;498,224,567,142;497,227,590,234;527,218,594,83;485,235,602,14;499,224,689,248;501,223,829,319;497,225,871,96;498,224,926,171;510,414,0,6;510,414,0,6;510,414,0,6;510,414,0,6;510,414,0,6;510,414,0,6;510,414,0,6;510,414,0,6;
485,227,498,227:497,225,1,103;497,225,2,19;497,226,12,4;497,226,36,107;497,226,110,106;497,226,123,182;497,226,158,208;497,227,198,114;497,226,228,117;497,226,230,195;499,225,258,122;497,226,318,346;497,226,333,205;499,225,418,131;497,226,434,286;497,227,590,234;485,235,602,14;500,226,766,259;497,225,871,96;510,414,0,6;510,414,0,6;510,414,0,6;510,414,0,6;510,414,0,6;510,414,0,6;510,414,0,6;
499,0,499,224:499,224,8,8;501,223,59,28;499,224,141,108;499,224,199,220;499,224,243,120;499,224,266,237;499,224,409,279;499,224,440,288;527,218,594,83;499,224,628,356;499,224,689,248;499,224,696,307;501,223,829,319;499,224,922,278;498,224,926,171;510,414,0,6;510,414,0,6;510,414,0,6;510,414,0,6;510,414,0,6;510,414,0,6;510,414,0,6;510,414,0,6;510,414,0,6;510,414,0,6;510,414,0,6;
499,225,499,227:499,225,7,104;499,225,24,182;497,226,110,106;499,224,141,108;499,225,142,186;499,224,180,111;499,224,190,216;499,225,195,192;499,224,219,0;497,226,228,117;499,225,258,122;499,225,418,131;499,224,440,288;499,224,689,248;499,224,698,308;499,225,762,157;500,226,766,259;499,224,922,278;510,414,0,6;510,414,0,6;510,414,0,6;510,414,0,6;510,414,0,6;510,414,0,6;510,414,0,6;510,414,0,6;
485,228,485,241:484,241,11,105;484,241,40,12;484,241,64,29;484,240,70,17;484,240,129,183;484,240,257,198;484,241,372,267;484,240,403,276;484,240,405,277;486,239,451,3;484,240,483,291;484,240,489,352;484,241,491,78;485,241,524,294;484,240,525,227;485,237,558,140;485,235,602,14;510,414,0,6;510,414,0,6;510,414,0,6;510,414,0,6;510,414,0,6;510,414,0,6;510,414,0,6;510,414,0,6;510,414,0,6;
485,242,485,293:484,241,11,105;492,252,57,41;484,241,64,29;484,243,91,104;484,244,122,205;484,246,213,193;482,270,283,61;477,286,476,220;484,241,491,78;484,243,542,295;482,265,552,133;492,253,579,355;483,242,650,62;492,253,669,245;484,243,855,322;484,245,906,276;482,264,940,74;484,243,1013,334;510,414,0,6;510,414,0,6;510,414,0,6;510,414,0,6;510,414,0,6;510,414,0,6;510,414,0,6;510,414,0,6;
486,228,499,244:484,241,11,105;492,252,57,41;484,241,64,29;484,243,91,104;484,244,122,205;497,227,198,114;497,226,228,117;497,226,333,205;484,241,372,267;486,239,451,3;485,241,524,294;485,237,558,140;485,235,602,14;495,234,717,310;500,226,766,259;495,235,779,262;500,229,822,318;484,243,1013,334;510,414,0,6;510,414,0,6;510,414,0,6;510,414,0,6;510,414,0,6;510,414,0,6;510,414,0,6;510,414,0,6;
486,245,499,293:492,252,57,41;508,266,101,45;505,288,105,46;484,244,122,205;492,253,125,43;506,293,171,189;484,246,213,193;482,270,283,61;492,253,303,345;486,239,451,3;477,286,476,220;482,265,552,133;492,253,579,355;492,253,669,245;495,235,779,262;482,305,895,73;484,245,906,276;482,264,940,74;492,253,991,150;510,414,0,6;510,414,0,6;510,414,0,6;510,414,0,6;510,414,0,6;510,414,0,6;510,414,0,6;
500,0,529,224:501,223,59,28;523,222,98,180;529,224,112,107;529,223,134,51;499,225,162,110;499,224,243,120;505,225,331,205;529,224,407,278;529,224,453,351;529,223,501,223;527,218,594,83;501,224,611,145;499,224,628,356;501,225,726,253;501,223,829,319;529,223,878,364;499,224,908,98;498,224,926,171;510,414,0,6;510,414,0,6;510,414,0,6;510,414,0,6;510,414,0,6;510,414,0,6;510,414,0,6;510,414,0,6;
500,225,529,225:523,222,98,180;529,224,112,107;499,225,142,186;499,225,162,110;499,224,180,111;499,224,190,216;499,225,195,192;499,224,219,0;499,224,227,229;499,225,258,122;499,224,266,237;505,225,331,205;499,224,409,279;499,225,418,131;499,224,440,288;501,224,611,145;501,225,726,253;499,224,908,98;499,225,934,366;510,414,0,6;510,414,0,6;510,414,0,6;510,414,0,6;510,414,0,6;510,414,0,6;510,414,0,6;
530,0,4095,223:537,225,102,42;541,221,121,182;529,223,134,51;540,221,168,188;544,222,216,227;529,223,238,232;538,225,247,120;537,225,268,124;544,222,290,202;540,221,299,246;529,223,365,210;529,223,501,223;535,224,541,4;540,220,593,300;527,218,594,83;536,225,631,357;529,223,681,358;543,218,743,313;529,223,878,364;555,258,949,279;510,414,0,6;510,414,0,6;510,414,0,6;510,414,0,6;510,414,0,6;510,414,0,6;
530,224,4095,225:537,225,102,42;529,224,112,107;537,225,245,342;538,225,247,120;537,225,268,124;544,222,290,202;537,225,294,244;537,225,296,245;540,221,299,246;529,224,319,254;529,223,365,210;529,224,407,278;529,224,453,351;537,225,482,136;529,223,501,223;535,224,541,4;536,225,631,357;537,225,684,359;537,225,836,164;537,225,885,325;555,258,949,279;510,414,0,6;510,414,0,6;510,414,0,6;510,414,0,6;510,414,0,6;
500,226,515,246:492,252,57,41;523,222,98,180;492,253,125,43;499,225,162,110;499,225,258,122;505,225,331,205;523,229,343,129;499,225,418,131;532,237,464,351;501,224,611,145;495,234,717,310;501,225,726,253;500,226,766,259;495,235,779,262;500,229,822,318;502,229,910,30;499,225,934,366;511,265,951,33;510,414,0,6;510,414,0,6;510,414,0,6;510,414,0,6;510,414,0,6;510,414,0,6;510,414,0,6;510,414,0,6;
500,247,515,293:506,292,39,336;508,266,101,45;505,288,105,46;492,253,125,43;507,294,161,188;506,293,171,189;507,292,214,226;523,229,343,129;509,292,393,273;509,285,457,219;532,237,464,351;492,253,579,355;506,293,679,306;495,235,779,262;506,293,902,326;502,229,910,30;509,292,937,172;510,266,948,367;511,265,951,33;510,414,0,6;510,414,0,6;510,414,0,6;510,414,0,6;510,414,0,6;510,414,0,6;510,414,0,6;
516,226,4095,225:523,222,98,180;529,224,112,107;538,225,247,120;537,225,268,124;537,226,282,242;544,222,290,202;537,225,294,244;537,225,296,245;529,224,319,254;523,229,343,129;529,224,407,278;537,225,481,221;537,225,482,136;535,224,541,4;536,225,631,357;537,225,684,359;537,225,836,164;537,225,885,325;537,225,899,275;537,225,932,366;555,258,949,279;538,225,1017,335;510,414,0,6;510,414,0,6;510,414,0,6;510,414,0,6;
516,226,4095,293:523,222,98,180;529,224,112,107;537,226,140,108;535,232,160,53;538,225,247,120;537,226,282,242;544,222,290,202;529,224,319,254;505,225,331,205;523,229,343,129;537,246,348,346;555,286,431,25;509,285,457,219;532,237,464,351;540,247,487,221;535,224,541,4;536,225,631,357;537,225,836,164;537,225,899,275;509,292,937,172;555,258,949,279;511,265,951,33;538,225,1017,335;510,414,0,6;510,414,0,6;510,414,0,6;
485,294,492,322:490,322,32,185;480,323,107,106;506,293,171,189;490,322,178,213;490,321,208,22;490,321,217,228;490,322,218,194;489,322,304,345;490,322,413,217;489,321,427,350;477,286,476,220;480,323,581,144;483,325,644,148;490,322,750,257;489,322,844,69;482,305,895,73;490,321,914,328;490,322,941,367;510,414,0,6;510,414,0,6;510,414,0,6;510,414,0,6;510,414,0,6;510,414,0,6;510,414,0,6;510,414,0,6;
485,323,492,339:490,322,32,185;492,328,90,337;479,330,144,45;490,322,178,213;490,322,218,194;487,342,244,59;489,322,304,345;490,322,413,217;489,321,427,350;489,334,468,290;492,328,616,238;483,325,644,148;492,328,657,305;492,324,702,87;496,338,765,91;489,322,844,69;489,334,915,169;490,322,941,367;492,328,947,173;510,414,0,6;510,414,0,6;510,414,0,6;510,414,0,6;510,414,0,6;510,414,0,6;510,414,0,6;
493,294,504,331:503,331,16,2;503,331,84,199;492,328,90,337;498,323,119,7;507,294,161,188;506,293,171,189;490,321,208,22;492,328,543,229;492,328,616,238;492,328,657,305;506,293,679,306;492,324,702,87;490,322,750,257;482,305,895,73;490,322,941,367;492,328,947,173;510,414,0,6;510,414,0,6;510,414,0,6;510,414,0,6;510,414,0,6;510,414,0,6;510,414,0,6;510,414,0,6;510,414,0,6;510,414,0,6;
493,332,504,339:503,331,16,2;503,333,19,180;496,338,38,108;503,331,84,199;503,334,209,193;504,333,236,341;504,332,272,200;503,332,286,125;496,338,404,216;489,334,468,290;492,328,543,229;496,338,656,242;504,334,715,310;496,338,765,91;503,342,852,94;489,334,915,169;492,328,947,173;510,414,0,6;510,414,0,6;510,414,0,6;510,414,0,6;510,414,0,6;510,414,0,6;510,414,0,6;510,414,0,6;510,414,0,6;
485,340,492,368:488,351,76,197;482,364,78,35;492,364,146,186;488,351,220,116;487,342,244,59;487,364,246,197;492,347,276,48;489,352,332,128;493,365,398,215;488,370,445,74;492,364,449,127;489,334,468,290;485,353,471,77;482,364,507,224;496,356,711,63;496,338,765,91;510,414,0,6;510,414,0,6;510,414,0,6;510,414,0,6;510,414,0,6;510,414,0,6;510,414,0,6;510,414,0,6;510,414,0,6;510,414,0,6;
485,369,492,393:482,364,78,35;484,377,173,21;483,373,197,219;493,381,205,222;487,364,246,197;492,391,301,247;488,394,354,51;493,365,398,215;487,378,430,218;484,373,436,218;488,370,445,74;484,386,475,135;489,387,477,291;489,386,573,298;483,374,728,311;484,373,805,93;484,373,1004,151;510,414,0,6;510,414,0,6;510,414,0,6;510,414,0,6;510,414,0,6;510,414,0,6;510,414,0,6;510,414,0,6;510,414,0,6;
493,340,504,365:488,351,76,197;492,364,146,186;487,342,244,59;492,347,276,48;489,352,332,128;502,349,339,260;493,365,398,215;492,364,449,127;502,351,460,289;502,350,492,130;507,367,617,147;496,338,656,242;496,356,711,63;496,338,765,91;500,368,818,266;503,342,852,94;506,353,853,70;510,414,0,6;510,414,0,6;510,414,0,6;510,414,0,6;510,414,0,6;510,414,0,6;510,414,0,6;510,414,0,6;510,414,0,6;
493,366,504,393:507,378,18,37;492,364,146,186;497,393,196,114;493,381,205,222;492,391,301,247;493,365,398,215;504,373,417,281;488,370,445,74;504,373,448,350;492,364,449,127;494,381,467,76;489,387,477,291;489,386,573,298;507,367,617,147;503,388,682,86;500,368,818,266;507,367,930,278;499,372,942,99;510,414,0,6;510,414,0,6;510,414,0,6;510,414,0,6;510,414,0,6;510,414,0,6;510,414,0,6;510,414,0,6;
505,294,515,341:503,331,16,2;503,333,19,180;498,323,119,7;507,294,161,188;506,293,171,189;514,344,193,55;503,334,209,193;507,292,214,226;504,333,236,341;504,332,272,200;509,292,393,273;513,336,671,16;506,293,679,306;504,334,715,310;503,342,852,94;506,293,902,326;509,292,937,172;510,414,0,6;510,414,0,6;510,414,0,6;510,414,0,6;510,414,0,6;510,414,0,6;510,414,0,6;510,414,0,6;510,414,0,6;
505,342,515,360:510,353,46,188;515,358,56,40;514,360,136,19;514,344,193,55;502,349,339,260;516,355,432,285;502,351,460,289;515,359,473,290;502,350,492,130;516,355,500,292;507,367,617,147;513,336,671,16;515,360,674,306;515,359,695,359;515,359,703,250;503,342,852,94;506,353,853,70;515,358,912,327;510,414,0,6;510,414,0,6;510,414,0,6;510,414,0,6;510,414,0,6;510,414,0,6;510,414,0,6;510,414,0,6;
516,294,4095,350:503,331,16,2;519,353,42,24;498,323,119,7;507,294,161,188;514,344,193,55;529,352,335,257;555,286,431,25;516,355,432,285;536,340,555,297;527,338,653,304;513,336,671,16;527,339,694,249;527,341,708,155;527,338,748,140;527,338,875,71;527,338,880,324;509,292,937,172;527,339,995,369;510,414,0,6;510,414,0,6;510,414,0,6;510,414,0,6;510,414,0,6;510,414,0,6;510,414,0,6;510,414,0,6;
516,351,4095,360:519,353,42,24;515,358,56,40;519,359,106,47;516,358,116,107;514,360,136,19;514,344,193,55;529,352,335,257;555,286,431,25;516,355,432,285;515,358,442,125;515,359,473,290;516,355,500,292;536,340,555,297;519,359,634,84;515,360,674,306;515,359,695,359;515,359,703,250;523,357,823,362;515,358,912,327;510,414,0,6;510,414,0,6;510,414,0,6;510,414,0,6;510,414,0,6;510,414,0,6;510,414,0,6;
505,361,515,373:514,366,47,189;515,360,62,194;514,360,136,19;515,360,174,340;514,363,255,121;515,360,349,346;517,377,397,70;504,373,417,281;505,373,450,134;514,366,486,77;515,360,560,141;507,367,617,147;515,360,674,306;515,360,749,314;514,366,791,361;506,353,853,70;507,367,930,278;510,414,0,6;510,414,0,6;510,414,0,6;510,414,0,6;510,414,0,6;510,414,0,6;510,414,0,6;510,414,0,6;510,414,0,6;
505,374,515,393:513,383,4,7;507,378,18,37;517,393,28,11;508,387,53,192;517,378,143,112;511,385,284,201;517,377,397,70;504,373,417,281;509,390,443,350;504,373,448,350;505,373,450,134;514,366,486,77;503,388,682,86;508,379,705,154;516,379,722,252;513,384,851,321;509,390,936,172;508,378,1012,370;510,414,0,6;510,414,0,6;510,414,0,6;510,414,0,6;510,414,0,6;510,414,0,6;510,414,0,6;510,414,0,6;
516,361,4095,372:515,360,62,194;519,359,106,47;514,363,255,121;529,352,335,257;531,373,340,50;517,377,397,70;555,286,431,25;515,359,473,290;514,366,486,77;536,340,555,297;515,360,560,141;519,359,634,84;515,360,674,306;515,359,703,250;515,360,749,314;514,366,791,361;523,357,823,362;521,375,900,275;510,414,0,6;510,414,0,6;510,414,0,6;510,414,0,6;510,414,0,6;510,414,0,6;510,414,0,6;510,414,0,6;
516,373,4095,393:513,383,4,7;517,393,28,11;522,393,52,27;517,378,143,112;528,407,172,189;522,393,298,344;531,373,340,50;520,392,389,69;517,377,397,70;555,286,431,25;514,366,486,77;536,340,555,297;522,392,600,355;516,379,722,252;513,384,851,321;521,375,900,275;525,389,970,18;517,378,978,332;522,392,998,370;510,414,0,6;510,414,0,6;510,414,0,6;510,414,0,6;510,414,0,6;510,414,0,6;510,414,0,6;
0,394,503,400:462,388,22,22;491,396,29,184;497,393,196,114;454,390,260,198;492,391,301,247;488,394,354,51;273,531,386,130;503,400,422,284;484,386,475,135;390,374,479,135;468,384,530,227;503,388,682,86;503,400,692,249;503,400,719,360;452,390,738,256;406,362,754,157;458,388,848,269;506,399,890,168;502,400,929,98;491,395,931,366;469,384,933,279;495,405,939,173;510,414,0,6;510,414,0,6;510,414,0,6;510,414,0,6;
0,401,503,409:462,388,22,22;491,396,29,184;503,402,66,195;495,405,80,337;503,402,87,111;503,400,130,184;503,404,169,46;454,390,260,198;488,394,354,51;273,531,386,130;495,406,437,26;503,402,444,133;390,374,479,135;504,402,520,293;421,442,577,354;504,408,614,146;503,400,692,249;503,400,719,360;452,390,738,256;458,388,848,269;502,400,929,98;469,384,933,279;495,405,939,173;510,414,0,6;510,414,0,6;510,414,0,6;
504,394,510,404:503,402,66,195;503,402,87,111;503,400,130,184;503,404,169,46;510,405,414,348;503,400,422,284;504,403,429,132;503,402,444,133;505,403,480,352;504,402,520,293;505,404,546,296;503,388,682,86;503,400,719,360;511,404,802,361;512,402,858,95;506,399,890,168;507,403,905,97;502,400,929,98;509,390,936,172;510,414,0,6;510,414,0,6;510,414,0,6;510,414,0,6;510,414,0,6;510,414,0,6;510,414,0,6;
504,405,510,409:505,407,72,196;507,409,89,179;503,404,169,46;508,410,226,47;507,407,293,23;507,409,312,127;510,405,414,348;513,407,433,56;505,403,480,352;506,407,538,295;505,404,546,296;504,408,614,146;507,409,622,356;507,409,784,262;511,404,802,361;510,411,808,161;507,409,835,320;507,409,903,326;507,403,905,97;505,407,967,368;510,414,0,6;510,414,0,6;510,414,0,6;510,414,0,6;510,414,0,6;510,414,0,6;
0,410,507,416:462,388,22,22;507,409,79,110;507,409,89,179;510,414,100,44;509,412,167,54;510,414,186,191;508,410,226,47;454,390,260,198;507,409,312,127;488,394,354,51;273,531,386,130;495,406,437,26;390,374,479,135;421,442,577,354;504,408,614,146;507,409,622,356;452,390,738,256;507,409,784,262;507,409,835,320;458,388,848,269;507,409,903,326;505,412,945,32;510,414,0,6;510,414,0,6;510,414,0,6;510,414,0,6;
0,417,507,702:462,388,22,22;510,414,100,44;512,419,114,48;510,414,186,191;514,424,212,115;454,390,260,198;492,682,291,9;510,415,300,202;273,531,386,130;423,445,428,55;495,406,437,26;390,374,479,135;513,711,574,299;421,442,577,354;496,669,618,302;502,668,621,138;515,425,675,152;452,390,738,256;508,669,758,91;502,668,837,320;505,412,945,32;503,667,955,100;509,688,968,282;510,414,0,6;510,414,0,6;510,414,0,6;
508,410,510,414:510,414,0,6;510,413,23,10;509,412,33,335;510,414,60,336;510,414,74,33;507,409,79,110;510,414,100,44;509,412,167,54;508,410,226,47;507,409,312,127;510,413,344,65;510,414,447,126;509,412,490,129;507,409,622,356;510,414,645,149;510,413,668,244;507,409,784,262;510,411,808,161;510,414,874,272;507,409,903,326;510,414,0,6;510,414,0,6;510,414,0,6;510,414,0,6;510,414,0,6;510,414,0,6;
508,415,510,702:510,414,0,6;510,415,65,15;510,414,74,33;516,672,75,34;510,414,100,44;512,419,114,48;509,412,167,54;510,414,186,191;510,414,188,191;514,424,212,115;510,415,300,202;512,669,311,119;511,414,381,213;513,711,574,299;510,415,597,136;510,414,645,149;515,425,675,152;508,669,758,91;512,669,817,266;503,667,955,100;509,688,968,282;510,414,0,6;510,414,0,6;510,414,0,6;510,414,0,6;510,414,0,6;
511,394,510,414:510,413,23,10;509,412,33,335;508,410,226,47;510,414,315,24;510,413,344,65;510,405,414,348;513,407,433,56;510,414,447,126;510,414,561,231;510,414,629,356;510,413,668,244;511,404,802,361;510,411,808,161;512,402,858,95;510,414,874,272;506,399,890,168;510,414,913,365;509,390,936,172;510,414,0,6;510,414,0,6;510,414,0,6;510,414,0,6;510,414,0,6;510,414,0,6;510,414,0,6;510,414,0,6;
511,415,510,415:510,414,0,6;510,414,10,9;510,414,60,336;510,414,74,33;510,414,100,44;510,414,118,203;510,414,153,339;510,414,186,191;510,414,188,191;510,414,189,215;510,414,315,24;511,414,381,213;510,414,447,126;510,414,561,231;510,414,603,236;510,414,629,356;510,414,739,312;510,414,874,272;510,414,913,365;510,414,0,6;510,414,0,6;510,414,0,6;510,414,0,6;510,414,0,6;510,414,0,6;510,414,0,6;
511,394,550,408:517,393,28,11;522,393,52,27;528,407,172,189;522,393,298,344;520,392,389,69;510,405,414,348;513,407,433,56;518,395,478,291;524,404,565,142;522,392,600,355;511,404,802,361;512,402,858,95;506,399,890,168;509,390,936,172;519,395,964,368;525,389,970,18;522,392,998,370;510,414,0,6;510,414,0,6;510,414,0,6;510,414,0,6;510,414,0,6;510,414,0,6;510,414,0,6;510,414,0,6;510,414,0,6;
511,409,550,415:510,414,10,9;510,413,23,10;509,412,33,335;528,407,172,189;525,417,240,58;514,413,242,196;510,414,315,24;529,415,316,49;529,415,322,120;510,413,344,65;511,414,381,213;513,407,433,56;518,415,461,57;510,414,561,231;524,404,565,142;511,414,721,88;510,411,808,161;513,416,925,329;510,414,0,6;510,414,0,6;510,414,0,6;510,414,0,6;510,414,0,6;510,414,0,6;510,414,0,6;510,414,0,6;
511,416,516,422:513,417,37,186;510,415,65,15;512,419,114,48;514,418,120,204;510,414,186,191;514,424,206,223;514,413,242,196;510,415,300,202;511,414,381,213;518,415,461,57;511,415,474,220;516,423,585,233;510,415,597,136;514,419,706,308;511,414,721,88;517,419,911,277;513,416,925,329;510,414,0,6;510,414,0,6;510,414,0,6;510,414,0,6;510,414,0,6;510,414,0,6;510,414,0,6;510,414,0,6;510,414,0,6;
511,423,516,702:516,672,75,34;512,419,114,48;514,424,206,223;516,425,207,57;514,424,212,115;512,669,311,119;515,424,399,216;513,711,574,299;516,423,585,233;516,424,649,304;515,425,675,152;514,419,706,308;516,425,730,360;516,425,735,255;508,669,758,91;512,669,817,266;503,667,955,100;509,688,968,282;510,414,0,6;510,414,0,6;510,414,0,6;510,414,0,6;510,414,0,6;510,414,0,6;510,414,0,6;510,414,0,6;
517,416,550,548:514,418,120,204;516,425,207,57;525,417,240,58;517,425,285,343;529,415,316,49;529,415,322,120;517,425,329,64;529,416,410,280;518,415,461,57;516,423,585,233;516,424,649,304;517,424,683,307;516,425,730,360;516,425,735,255;512,669,817,266;517,419,911,277;503,667,955,100;510,414,0,6;510,414,0,6;510,414,0,6;510,414,0,6;510,414,0,6;510,414,0,6;510,414,0,6;510,414,0,6;510,414,0,6;
517,549,550,702:549,695,54,39;516,672,75,34;550,694,165,113;550,702,166,340;516,425,207,57;550,702,262,118;550,702,263,123;550,692,367,211;513,711,385,214;542,711,411,11;513,711,574,299;550,702,640,85;550,702,687,86;512,669,817,266;503,667,955,100;509,688,968,282;551,700,1000,100;559,678,1011,101;510,414,0,6;510,414,0,6;510,414,0,6;510,414,0,6;510,414,0,6;510,414,0,6;510,414,0,6;510,414,0,6;
0,703,523,793:521,730,83,198;492,682,291,9;529,739,306,250;513,711,385,214;506,780,550,296;513,711,574,299;515,752,578,61;525,805,583,355;435,856,584,144;520,754,586,234;521,720,623,302;521,730,637,303;523,743,767,260;500,795,820,163;526,783,867,271;521,767,884,167;436,855,928,329;510,414,0,6;510,414,0,6;510,414,0,6;510,414,0,6;510,414,0,6;510,414,0,6;510,414,0,6;510,414,0,6;510,414,0,6;
0,794,523,885:511,816,307,126;435,856,341,121;448,885,373,347;435,856,374,268;435,856,514,58;448,885,517,226;448,885,518,293;448,885,535,354;525,805,583,355;435,856,584,144;454,898,608,238;447,885,609,301;448,885,663,244;450,880,752,90;500,795,820,163;526,783,867,271;436,855,928,329;529,803,993,285;510,414,0,6;510,414,0,6;510,414,0,6;510,414,0,6;510,414,0,6;510,414,0,6;510,414,0,6;510,414,0,6;
524,703,533,743:521,730,83,198;535,735,92,104;529,739,306,250;513,711,385,214;542,712,408,72;542,711,411,11;538,744,540,59;513,711,574,299;536,736,582,233;521,720,623,302;521,730,637,303;523,743,767,260;528,745,857,95;529,739,919,365;542,712,944,330;529,739,997,177;533,733,999,34;510,414,0,6;510,414,0,6;510,414,0,6;510,414,0,6;510,414,0,6;510,414,0,6;510,414,0,6;510,414,0,6;510,414,0,6;
524,744,533,885:511,816,307,126;539,748,511,225;538,744,540,59;525,805,583,355;520,754,586,234;454,898,608,238;535,763,612,146;539,770,643,241;531,759,658,243;531,759,697,359;537,777,740,156;523,743,767,260;528,745,857,95;526,783,867,271;521,767,884,167;538,754,888,273;529,803,993,285;529,739,997,177;510,414,0,6;510,414,0,6;510,414,0,6;510,414,0,6;510,414,0,6;510,414,0,6;510,414,0,6;510,414,0,6;
0,886,398,1133:449,918,131,184;372,1094,363,263;338,1150,465,134;356,1108,470,128;426,987,510,80;435,856,514,58;215,1244,551,231;406,1096,587,299;448,885,663,244;448,885,699,250;370,1152,780,92;320,1143,804,145;356,1108,826,362;405,1095,828,319;363,1099,834,268;356,1109,838,164;324,1123,849,94;510,414,0,6;510,414,0,6;510,414,0,6;510,414,0,6;510,414,0,6;510,414,0,6;510,414,0,6;510,414,0,6;510,414,0,6;
0,1134,398,4095:219,1292,77,337;220,1294,225,116;219,1292,313,252;219,1293,368,265;408,1175,380,347;338,1150,465,134;244,1300,488,78;404,1268,548,12;215,1244,551,231;219,1293,646,241;244,1300,693,139;370,1152,780,92;320,1143,804,145;324,1123,849,94;219,1293,866,147;244,1301,901,326;408,1175,904,327;510,414,0,6;510,414,0,6;510,414,0,6;510,414,0,6;510,414,0,6;510,414,0,6;510,414,0,6;510,414,0,6;510,414,0,6;
399,886,533,1038:449,918,131,184;511,816,307,126;426,987,510,80;435,856,514,58;454,899,515,293;448,886,516,225;448,885,517,226;448,885,518,293;448,885,535,354;454,898,608,238;447,885,609,301;448,885,663,244;448,885,699,250;450,880,752,90;424,1089,761,314;450,919,800,264;510,414,0,6;510,414,0,6;510,414,0,6;510,414,0,6;510,414,0,6;510,414,0,6;510,414,0,6;510,414,0,6;510,414,0,6;510,414,0,6;
399,1039,533,4095:488,1237,297,62;408,1175,380,347;449,1177,454,219;490,1248,505,353;426,987,510,80;404,1268,548,12;406,1096,587,299;473,1177,591,83;449,1177,601,356;424,1089,761,314;370,1152,780,92;424,1089,827,268;405,1095,828,319;490,1248,879,324;408,1175,904,327;490,1248,954,367;510,414,0,6;510,414,0,6;510,414,0,6;510,414,0,6;510,414,0,6;510,414,0,6;510,414,0,6;510,414,0,6;510,414,0,6;510,414,0,6;
534,703,544,735:542,712,71,109;535,735,92,104;541,732,235,119;550,702,263,123;543,735,336,258;542,712,408,72;542,711,411,11;537,732,439,287;549,722,521,226;544,736,604,236;550,702,640,85;537,735,651,85;544,726,751,64;542,712,944,330;536,734,989,369;533,733,999,34;549,715,1005,35;510,414,0,6;510,414,0,6;510,414,0,6;510,414,0,6;510,414,0,6;510,414,0,6;510,414,0,6;510,414,0,6;510,414,0,6;
534,736,544,740:544,738,68,31;535,735,92,104;544,736,97,337;541,732,235,119;536,736,328,204;543,735,336,258;546,741,387,348;536,736,425,349;538,744,540,59;536,736,582,233;544,736,604,236;537,735,651,85;536,736,655,305;536,736,846,363;539,738,966,281;546,741,992,285;529,739,997,177;541,738,1023,179;510,414,0,6;510,414,0,6;510,414,0,6;510,414,0,6;510,414,0,6;510,414,0,6;510,414,0,6;510,414,0,6;
545,703,550,729:550,702,263,123;551,729,369,211;542,712,408,72;542,711,411,11;549,722,521,226;550,730,539,229;551,708,576,232;553,721,620,147;550,730,638,240;550,702,640,85;550,702,687,86;549,724,701,308;544,726,751,64;549,722,833,320;549,726,883,273;549,715,1005,35;550,726,1022,178;510,414,0,6;510,414,0,6;510,414,0,6;510,414,0,6;510,414,0,6;510,414,0,6;510,414,0,6;510,414,0,6;510,414,0,6;
545,730,550,740:544,738,68,31;544,736,97,337;547,736,221,341;547,736,224,195;541,732,235,119;551,729,369,211;546,741,387,348;551,735,392,53;547,735,513,81;550,730,539,229;552,731,592,300;544,736,604,236;550,730,638,240;544,726,751,64;547,737,756,90;547,736,881,364;547,736,882,324;546,741,992,285;510,414,0,6;510,414,0,6;510,414,0,6;510,414,0,6;510,414,0,6;510,414,0,6;510,414,0,6;510,414,0,6;
534,741,542,762:539,748,61,193;542,765,327,256;536,736,328,204;539,748,352,346;539,748,511,225;538,744,540,59;536,736,582,233;535,763,612,146;531,759,658,243;531,759,697,359;540,745,729,254;542,746,843,321;528,745,857,95;538,754,888,273;540,758,921,277;539,738,966,281;529,739,997,177;541,738,1023,179;510,414,0,6;510,414,0,6;510,414,0,6;510,414,0,6;510,414,0,6;510,414,0,6;510,414,0,6;510,414,0,6;
534,763,542,4095:488,1237,297,62;511,816,307,126;542,765,327,256;543,772,395,348;490,1248,505,353;426,987,510,80;404,1268,548,12;525,805,583,355;473,1177,591,83;454,898,608,238;535,763,612,146;539,770,643,241;537,777,740,156;543,767,759,258;424,1089,761,314;450,919,800,264;526,783,867,271;540,758,921,277;529,803,993,285;510,414,0,6;510,414,0,6;510,414,0,6;510,414,0,6;510,414,0,6;510,414,0,6;510,414,0,6;
543,741,550,759:544,747,6,36;546,741,387,348;552,749,388,52;555,739,509,80;539,748,511,225;547,759,549,296;556,755,632,239;546,759,712,309;540,745,729,254;547,737,756,90;547,759,797,264;542,746,843,321;538,754,888,273;540,758,921,277;547,759,973,174;546,741,992,285;546,741,1002,334;546,741,1020,102;541,738,1023,179;510,414,0,6;510,414,0,6;510,414,0,6;510,414,0,6;510,414,0,6;510,414,0,6;510,414,0,6;
543,760,550,4095:488,1237,297,62;511,816,307,126;542,765,327,256;543,772,395,348;543,772,412,348;490,1248,505,353;426,987,510,80;404,1268,548,12;473,1177,591,83;454,898,608,238;539,770,643,241;546,759,712,309;537,777,740,156;543,767,759,258;424,1089,761,314;450,919,800,264;540,758,921,277;547,759,973,174;529,803,993,285;510,414,0,6;510,414,0,6;510,414,0,6;510,414,0,6;510,414,0,6;510,414,0,6;510,414,0,6;
551,394,552,701:552,701,34,106;549,695,54,39;550,694,165,113;528,407,172,189;516,425,207,57;552,693,223,116;529,415,316,49;517,425,329,64;550,692,367,211;529,416,410,280;552,693,416,349;552,701,598,355;550,702,687,86;552,701,799,317;512,669,817,266;525,389,970,18;551,700,1000,100;559,678,1011,101;510,414,0,6;510,414,0,6;510,414,0,6;510,414,0,6;510,414,0,6;510,414,0,6;510,414,0,6;510,414,0,6;
551,702,552,714:552,702,41,13;552,703,51,191;552,701,132,185;552,702,183,112;552,702,287,344;552,702,314,345;552,702,361,210;552,702,382,270;552,702,383,271;552,702,537,132;552,702,568,143;551,708,576,232;552,701,598,355;552,702,606,237;550,702,640,85;550,702,687,86;552,702,943,99;549,715,1005,35;554,703,1019,76;510,414,0,6;510,414,0,6;510,414,0,6;510,414,0,6;510,414,0,6;510,414,0,6;510,414,0,6;
553,394,562,701:552,701,34,106;554,702,50,38;528,407,172,189;516,425,207,57;552,693,223,116;529,415,316,49;565,692,323,127;564,680,324,255;517,425,329,64;529,416,410,280;552,693,416,349;556,702,456,351;564,679,556,82;558,697,652,150;512,669,817,266;558,693,953,280;525,389,970,18;551,700,1000,100;559,678,1011,101;510,414,0,6;510,414,0,6;510,414,0,6;510,414,0,6;510,414,0,6;510,414,0,6;510,414,0,6;
553,702,562,714:552,701,34,106;552,702,41,13;554,702,50,38;552,703,51,191;552,701,132,185;558,706,237,119;552,702,287,344;552,702,314,345;557,709,351,67;552,702,361,210;552,702,382,270;552,702,383,271;556,702,456,351;552,702,568,143;551,708,576,232;552,701,598,355;552,701,799,317;552,702,943,99;549,715,1005,35;554,703,1019,76;510,414,0,6;510,414,0,6;510,414,0,6;510,414,0,6;510,414,0,6;510,414,0,6;
551,715,554,727:554,720,154,207;553,723,292,243;555,719,305,249;551,729,369,211;554,719,376,269;556,726,503,2;554,723,506,223;554,720,534,228;553,721,620,147;549,724,701,308;554,720,794,143;551,729,824,362;549,722,833,320;549,726,883,273;556,725,946,330;549,715,1005,35;550,726,1022,178;510,414,0,6;510,414,0,6;510,414,0,6;510,414,0,6;510,414,0,6;510,414,0,6;510,414,0,6;510,414,0,6;510,414,0,6;
551,728,554,750:552,731,309,345;551,729,369,211;555,733,371,266;552,749,388,52;551,735,392,53;556,726,503,2;555,739,509,80;550,730,539,229;552,731,592,300;556,741,605,237;550,730,638,240;547,737,756,90;552,731,812,318;551,729,824,362;552,730,847,166;551,729,865,363;549,726,883,273;546,741,1020,102;510,414,0,6;510,414,0,6;510,414,0,6;510,414,0,6;510,414,0,6;510,414,0,6;510,414,0,6;510,414,0,6;
555,715,562,728:554,720,154,207;556,722,232,118;553,723,292,243;555,719,305,249;557,709,351,67;554,719,376,269;556,726,503,2;554,723,506,223;556,722,533,131;554,720,534,228;554,720,794,143;556,724,868,271;557,722,918,170;556,725,946,330;556,722,990,284;549,715,1005,35;510,414,0,6;510,414,0,6;510,414,0,6;510,414,0,6;510,414,0,6;510,414,0,6;510,414,0,6;510,414,0,6;510,414,0,6;510,414,0,6;
555,729,562,750:555,733,371,266;552,749,388,52;551,735,392,53;556,726,503,2;555,739,509,80;556,755,512,292;556,741,605,237;561,737,789,68;552,731,812,318;562,750,815,265;551,729,824,362;558,734,841,363;552,730,847,166;560,742,876,272;556,755,956,331;560,741,957,148;559,735,996,370;510,414,0,6;510,414,0,6;510,414,0,6;510,414,0,6;510,414,0,6;510,414,0,6;510,414,0,6;510,414,0,6;510,414,0,6;
563,394,578,707:528,407,172,189;516,425,207,57;558,706,237,119;529,415,316,49;565,692,323,127;564,680,324,255;517,425,329,64;531,373,340,50;569,690,377,123;529,416,410,280;556,702,456,351;564,679,556,82;558,697,652,150;570,690,839,321;570,690,886,29;558,693,953,280;583,723,980,283;559,678,1011,101;510,414,0,6;510,414,0,6;510,414,0,6;510,414,0,6;510,414,0,6;510,414,0,6;510,414,0,6;510,414,0,6;
563,708,578,744:558,706,237,119;555,719,305,249;557,709,351,67;556,726,503,2;581,725,630,148;579,734,746,257;578,747,775,261;561,737,789,68;568,750,790,17;579,736,803,161;576,749,819,163;556,724,868,271;560,742,876,272;570,690,886,29;557,722,918,170;560,741,957,148;583,723,980,283;559,735,996,370;580,747,1014,287;510,414,0,6;510,414,0,6;510,414,0,6;510,414,0,6;510,414,0,6;510,414,0,6;510,414,0,6;
579,394,4095,726:528,407,172,189;516,425,207,57;529,415,316,49;564,680,324,255;517,425,329,64;531,373,340,50;529,416,410,280;555,286,431,25;587,723,502,79;536,340,555,297;564,679,556,82;581,725,630,148;599,743,757,258;587,723,768,141;596,740,769,92;570,690,839,321;570,690,886,29;583,723,980,283;559,678,1011,101;510,414,0,6;510,414,0,6;510,414,0,6;510,414,0,6;510,414,0,6;510,414,0,6;510,414,0,6;
579,727,4095,744:585,744,317,253;590,747,455,27;587,723,502,79;585,744,569,354;581,725,630,148;585,743,673,151;579,734,746,257;599,743,757,258;596,740,769,92;578,747,775,261;599,743,781,316;585,745,786,66;585,745,787,160;599,743,795,144;579,736,803,161;585,744,907,276;585,745,920,328;583,723,980,283;599,743,983,284;580,747,1014,287;510,414,0,6;510,414,0,6;510,414,0,6;510,414,0,6;510,414,0,6;510,414,0,6;
563,745,577,749:576,749,347,66;569,751,355,208;576,749,572,135;576,749,716,88;576,749,734,255;578,747,775,261;568,750,790,17;576,750,792,263;576,749,798,361;576,749,806,146;577,749,811,318;574,750,814,162;562,750,815,265;576,749,819,163;576,749,830,319;577,749,845,165;560,742,876,272;576,749,971,369;576,749,1008,286;510,414,0,6;510,414,0,6;510,414,0,6;510,414,0,6;510,414,0,6;510,414,0,6;510,414,0,6;
563,750,577,750:575,751,94,43;576,749,347,66;569,751,355,208;576,750,359,262;576,749,547,354;574,750,557,134;577,750,571,82;576,750,654,305;576,749,716,88;576,749,734,255;576,749,772,158;570,752,788,67;568,750,790,17;576,750,792,263;577,749,811,318;574,750,814,162;562,750,815,265;576,749,830,319;577,749,845,165;573,752,862,166;510,414,0,6;510,414,0,6;510,414,0,6;510,414,0,6;510,414,0,6;510,414,0,6;
578,745,4095,745:585,745,111,181;585,745,249,234;585,744,308,251;585,744,317,253;590,747,455,27;585,745,519,353;585,745,580,0;585,745,713,309;585,745,755,314;599,743,757,258;596,740,769,92;578,747,775,261;599,743,781,316;585,745,786,66;585,745,787,160;585,744,907,276;585,745,920,328;585,745,982,332;599,743,983,284;580,747,1014,287;510,414,0,6;510,414,0,6;510,414,0,6;510,414,0,6;510,414,0,6;510,414,0,6;
578,746,4095,750:590,747,455,27;585,745,519,353;577,750,571,82;585,745,580,0;584,752,624,15;576,750,654,305;585,745,713,309;598,757,733,254;599,743,757,258;579,751,774,260;578,747,775,261;599,743,781,316;585,745,786,66;585,745,787,160;577,749,811,318;576,749,819,163;585,745,909,327;585,745,920,328;579,749,958,280;585,745,982,332;599,743,983,284;580,747,1014,287;510,414,0,6;510,414,0,6;510,414,0,6;510,414,0,6;
551,751,571,753:568,752,342,129;569,751,355,208;569,752,358,261;570,752,362,122;552,749,388,52;563,754,402,54;569,752,459,351;556,755,512,292;568,753,526,294;569,752,588,299;568,752,636,0;570,753,648,149;570,752,788,67;568,750,790,17;562,750,815,265;569,752,938,366;556,755,956,331;571,753,962,75;510,414,0,6;510,414,0,6;510,414,0,6;510,414,0,6;510,414,0,6;510,414,0,6;510,414,0,6;510,414,0,6;
551,754,571,762:569,754,175,211;556,755,261,123;552,749,388,52;569,754,396,274;563,754,402,54;556,755,512,292;568,753,526,294;568,753,627,303;556,755,632,239;570,753,648,149;569,754,659,357;556,755,747,313;570,759,782,65;570,752,788,67;562,750,815,265;556,755,924,365;556,755,956,331;571,753,962,75;547,759,973,174;510,414,0,6;510,414,0,6;510,414,0,6;510,414,0,6;510,414,0,6;510,414,0,6;510,414,0,6;
572,751,583,755:575,751,94,43;579,757,248,233;569,751,355,208;570,752,362,122;574,750,557,134;577,750,571,82;584,752,624,15;570,753,648,149;576,750,654,305;579,751,774,260;570,752,788,67;576,750,792,263;574,750,814,162;573,752,862,166;579,749,958,280;571,753,962,75;577,758,984,176;510,414,0,6;510,414,0,6;510,414,0,6;510,414,0,6;510,414,0,6;510,414,0,6;510,414,0,6;510,414,0,6;510,414,0,6;
572,756,583,762:569,754,175,211;579,757,248,233;573,759,357,209;577,758,529,353;584,752,624,15;570,753,648,149;580,759,727,155;573,761,764,315;570,759,782,65;577,758,783,159;576,765,813,162;573,752,862,166;579,764,892,325;571,753,962,75;579,764,972,331;577,758,984,176;583,762,986,333;573,760,988,369;510,414,0,6;510,414,0,6;510,414,0,6;510,414,0,6;510,414,0,6;510,414,0,6;510,414,0,6;510,414,0,6;
551,763,579,772:556,755,261,123;572,767,346,207;563,754,402,54;543,772,412,348;582,770,536,228;576,774,625,84;580,766,633,239;581,769,677,246;546,759,712,309;582,772,723,89;543,767,759,258;573,761,764,315;570,759,782,65;576,765,813,162;564,775,850,5;579,764,892,325;579,764,972,331;547,759,973,174;573,760,988,369;510,414,0,6;510,414,0,6;510,414,0,6;510,414,0,6;510,414,0,6;510,414,0,6;510,414,0,6;
551,773,579,4095:488,1237,297,62;511,816,307,126;572,767,346,207;543,772,395,348;543,772,412,348;490,1248,505,353;426,987,510,80;582,770,536,228;404,1268,548,12;577,776,575,232;473,1177,591,83;454,898,608,238;576,774,625,84;582,772,723,89;537,777,740,156;424,1089,761,314;450,919,800,264;564,775,850,5;586,800,923,31;529,803,993,285;510,414,0,6;510,414,0,6;510,414,0,6;510,414,0,6;510,414,0,6;510,414,0,6;
580,763,583,773:582,773,88,103;583,773,250,235;583,773,271,199;583,773,356,209;582,770,536,228;576,774,625,84;580,766,633,239;581,769,677,246;582,772,723,89;580,759,727,155;583,773,731,311;584,767,801,160;583,773,809,265;583,773,821,267;583,762,860,322;579,764,892,325;583,772,959,367;579,764,972,331;583,762,986,333;510,414,0,6;510,414,0,6;510,414,0,6;510,414,0,6;510,414,0,6;510,414,0,6;510,414,0,6;
580,774,583,4095:582,773,88,103;488,1237,297,62;583,773,356,209;490,1248,505,353;426,987,510,80;583,774,570,143;577,776,575,232;473,1177,591,83;454,898,608,238;576,774,625,84;583,773,662,243;583,773,731,311;424,1089,761,314;450,919,800,264;582,774,810,317;583,773,821,267;583,773,863,96;583,773,872,323;586,800,923,31;582,774,994,333;510,414,0,6;510,414,0,6;510,414,0,6;510,414,0,6;510,414,0,6;510,414,0,6;
584,751,583,773:583,772,187,113;579,757,248,233;583,773,271,199;582,770,536,228;584,752,624,15;582,772,723,89;580,759,727,155;583,773,732,312;584,767,801,160;583,773,807,317;583,773,809,265;583,762,860,322;583,772,959,367;583,773,960,331;583,772,981,176;583,762,986,333;583,773,1009,286;583,773,1015,287;510,414,0,6;510,414,0,6;510,414,0,6;510,414,0,6;510,414,0,6;510,414,0,6;510,414,0,6;510,414,0,6;
584,774,583,773:583,773,250,235;583,773,271,199;583,773,356,209;583,773,366,264;583,773,527,139;583,773,635,240;583,773,760,259;583,773,770,315;583,773,821,267;583,773,825,267;583,773,831,28;583,773,842,165;583,773,870,323;583,773,960,331;583,773,977,283;583,773,985,177;583,773,1007,370;583,773,1009,286;583,773,1015,287;510,414,0,6;510,414,0,6;510,414,0,6;510,414,0,6;510,414,0,6;510,414,0,6;510,414,0,6;
584,751,4095,771:596,773,49,26;583,772,187,113;579,757,248,233;591,769,320,203;587,765,400,131;584,772,419,282;590,747,455,27;582,770,536,228;600,763,554,140;584,752,624,15;580,759,727,155;598,757,733,254;584,767,801,160;583,762,860,322;591,769,861,270;585,771,916,170;599,743,983,284;583,762,986,333;595,770,1006,334;598,760,1016,335;510,414,0,6;510,414,0,6;510,414,0,6;510,414,0,6;510,414,0,6;510,414,0,6;
584,772,4095,773:596,773,49,26;583,773,99,105;583,772,187,113;585,771,270,238;591,769,320,203;583,773,325,63;584,772,419,282;601,780,420,283;584,773,544,230;600,763,554,140;583,772,613,301;583,773,635,240;584,773,642,304;583,773,770,315;583,773,807,317;583,773,870,323;585,771,916,170;583,772,959,367;583,772,981,176;595,770,1006,334;583,773,1015,287;510,414,0,6;510,414,0,6;510,414,0,6;510,414,0,6;510,414,0,6;
584,774,583,773:583,773,269,199;583,773,356,209;583,773,366,264;583,773,531,81;583,773,532,139;583,773,559,297;583,773,690,87;583,773,724,311;583,773,725,253;583,773,731,311;583,773,760,259;583,773,856,269;583,773,863,96;583,773,872,323;583,773,891,325;583,773,961,281;583,773,963,368;583,773,1007,370;583,773,1010,178;510,414,0,6;510,414,0,6;510,414,0,6;510,414,0,6;510,414,0,6;510,414,0,6;510,414,0,6;
584,774,583,4095:488,1237,297,62;583,773,353,208;490,1248,505,353;426,987,510,80;583,773,528,295;583,773,532,139;583,773,559,297;583,774,570,143;577,776,575,232;473,1177,591,83;454,898,608,238;583,773,662,243;583,773,724,311;583,773,725,253;583,773,744,256;424,1089,761,314;450,919,800,264;582,774,810,317;583,773,863,96;583,773,872,323;586,800,923,31;510,414,0,6;510,414,0,6;510,414,0,6;510,414,0,6;510,414,0,6;
584,774,4095,773:596,773,49,26;583,773,269,199;585,771,270,238;591,769,320,203;583,773,325,63;583,773,353,208;583,773,366,264;601,780,420,283;583,773,528,295;583,773,532,139;584,773,544,230;583,773,615,301;583,773,635,240;583,773,744,256;583,773,753,156;583,773,777,361;583,773,785,316;583,773,831,28;583,773,832,362;583,773,856,269;583,773,893,365;583,773,961,281;583,773,977,283;510,414,0,6;510,414,0,6;510,414,0,6;
584,774,4095,4095:596,773,49,26;585,771,270,238;488,1237,297,62;591,769,320,203;583,773,325,63;583,773,353,208;601,780,420,283;490,1248,505,353;426,987,510,80;583,773,528,295;584,773,544,230;583,774,570,143;577,776,575,232;473,1177,591,83;454,898,608,238;583,773,662,243;583,773,744,256;424,1089,761,314;600,782,771,142;450,919,800,264;583,773,831,28;600,782,873,364;586,800,923,31;600,782,1018,102;510,414,0,6;510,414,0,6;
