490,1248,505,353;488,1237,297,62;490,1249,458,288;570,690,886,29;599,743,757,258;529,415,316,49;555,286,431,25;590,117,494,79;473,1177,591,83;600,763,554,140;587,723,502,79;600,782,873,364;601,780,420,283;600,782,771,142;599,743,983,284;586,800,923,31;600,782,1018,102;
262,534,641,357;427,315,321,203;434,87,30,179;435,85,680,306;434,86,289,344;434,86,159,340;590,117,494,79;390,374,479,135;527,218,594,83;498,224,567,142;498,224,926,171;485,235,602,14;479,245,452,75;501,223,59,28;479,245,115,49;510,414,0,6;510,414,0,6;
579,734,746,257;559,735,996,370;581,725,630,148;558,734,841,363;550,726,1022,178;561,737,789,68;555,733,371,266;556,725,946,330;556,724,868,271;551,729,369,211;552,731,812,318;551,729,824,362;552,730,847,166;498,323,119,7;504,332,272,200;513,336,671,16;503,331,84,199;
485,237,558,140;484,240,403,276;485,235,602,14;495,235,779,262;492,252,57,41;484,243,1013,334;484,244,122,205;484,243,91,104;484,240,70,17;484,240,405,277;484,241,64,29;485,241,524,294;469,320,251,236;469,320,898,97;469,321,952,174;469,320,1001,333;469,321,704,251;
540,220,593,300;527,218,594,83;540,221,168,188;535,232,160,53;536,225,631,357;537,226,140,108;529,223,134,51;529,223,238,232;537,225,102,42;529,223,365,210;529,224,112,107;529,224,319,254;497,227,590,234;497,227,198,114;497,226,123,182;497,226,36,107;497,226,333,205;
529,803,993,285;586,800,923,31;543,772,395,348;537,777,740,156;543,772,412,348;556,755,261,123;543,767,759,258;570,759,782,65;547,759,973,174;572,767,346,207;577,776,575,232;576,774,625,84;469,321,176,114;469,321,279,201;469,321,25,23;469,321,215,115;469,321,897,274;
406,362,754,157;452,389,48,190;458,388,848,269;468,350,553,60;460,381,222,194;460,382,423,349;460,380,472,352;460,380,670,245;460,380,58,336;460,383,424,73;470,365,665,150;510,414,100,44;510,414,188,191;510,414,60,336;510,414,315,24;510,414,603,236;510,414,74,33;
507,294,161,188;506,293,679,306;492,328,543,229;492,324,702,87;490,322,750,257;482,305,895,73;490,321,208,22;503,331,84,199;503,331,16,2;509,292,937,172;513,336,671,16;516,379,722,252;525,389,970,18;513,384,851,321;508,379,705,154;520,392,389,69;511,385,284,201;
469,326,21,181;459,323,55,39;471,326,135,44;468,320,566,298;467,319,360,347;468,320,265,342;470,321,364,68;469,321,952,174;469,320,251,236;469,321,149,52;470,321,379,213;499,224,628,356;498,224,926,171;499,224,689,248;499,224,199,220;499,224,243,120;499,224,141,108;
273,531,386,130;496,669,618,302;508,669,758,91;502,668,837,320;235,824,330,10;500,795,820,163;435,856,584,144;509,688,968,282;506,780,550,296;513,711,574,299;515,752,578,61;511,414,381,213;511,414,721,88;510,414,188,191;510,413,23,10;510,414,561,231;510,414,118,203;
262,534,641,357;207,1266,394,130;273,531,386,130;215,1244,551,231;492,682,291,9;324,1123,849,94;435,856,584,144;435,856,514,58;363,1099,834,268;426,987,510,80;449,918,131,184;510,413,344,65;511,414,721,88;510,414,10,9;510,413,668,244;510,414,561,231;510,414,315,24;
549,695,54,39;509,688,968,282;513,711,574,299;513,711,385,214;550,702,640,85;550,702,263,123;542,712,71,109;542,712,944,330;542,712,408,72;551,708,576,232;549,715,1005,35;513,384,851,321;519,395,964,368;520,392,389,69;509,390,936,172;512,402,858,95;518,395,478,291;
408,1175,380,347;244,1300,693,139;208,1385,256,197;244,1301,901,326;490,1249,869,364;488,1237,297,62;490,1248,879,324;449,1177,454,219;370,1152,780,92;244,1300,488,78;338,1150,465,134;484,240,257,198;483,240,81,40;483,241,95,180;484,241,491,78;484,241,372,267;484,241,64,29;
478,324,86,41;479,323,499,137;479,322,338,259;479,324,700,153;479,324,192,217;479,323,610,137;479,323,894,274;479,323,965,368;480,324,647,242;480,323,463,289;479,323,596,235;552,702,537,132;552,702,382,270;552,702,943,99;552,702,568,143;552,702,383,271;552,702,606,237;
432,92,666,1;479,245,115,49;497,227,590,234;485,237,558,140;495,234,717,310;498,224,567,142;486,239,451,3;497,225,871,96;497,225,2,19;497,227,198,114;495,235,779,262;483,325,644,148;480,323,581,144;481,325,345,206;480,323,302,248;480,324,887,168;480,324,745,313;
598,757,733,254;590,747,455,27;579,757,248,233;580,759,727,155;580,747,1014,287;585,745,920,328;583,762,986,333;587,765,400,131;579,751,774,260;579,749,958,280;585,745,786,66;511,415,474,220;510,415,597,136;510,414,186,191;510,415,300,202;511,414,381,213;511,414,721,88;
527,339,694,249;514,344,193,55;527,338,880,324;504,334,715,310;527,338,875,71;503,342,852,94;498,323,119,7;509,292,937,172;504,332,272,200;504,333,236,341;503,331,16,2;482,372,139,20;484,373,1004,151;484,373,805,93;484,373,436,218;483,373,350,207;483,373,484,136;
560,742,876,272;561,737,789,68;562,750,815,265;569,752,459,351;569,752,588,299;568,752,342,129;579,736,803,161;578,747,775,261;569,751,355,208;576,749,819,163;574,750,814,162;484,240,489,352;484,240,405,277;486,239,451,3;485,241,524,294;484,240,483,291;484,240,525,227;
528,407,172,189;531,373,340,50;521,375,900,275;517,378,978,332;522,392,600,355;522,392,998,370;524,404,565,142;516,379,722,252;522,393,52,27;520,392,389,69;513,383,4,7;482,372,139,20;483,374,728,311;484,377,173,21;483,373,350,207;483,373,384,214;483,373,126,338;
514,363,255,121;510,353,46,188;506,353,853,70;507,367,617,147;515,359,473,290;515,358,56,40;515,360,674,306;515,360,174,340;515,360,62,194;515,360,349,346;497,227,590,234;485,235,602,14;497,226,230,195;497,226,158,208;497,226,318,346;497,225,871,96;497,225,1,103;
467,381,889,72;469,384,859,270;470,365,665,150;482,364,78,35;480,363,974,175;484,373,805,93;484,377,173,21;482,373,82,18;483,373,350,207;483,373,69,16;469,321,149,52;469,321,181,214;469,321,281,241;469,321,233,118;469,321,415,349;469,321,288,125;469,321,203,56;
470,384,1021,371;469,384,859,270;487,378,430,218;484,386,475,135;482,372,139,20;482,373,82,18;484,373,805,93;483,374,728,311;484,373,436,218;483,373,197,219;469,320,898,97;471,320,736,89;469,320,1001,333;470,321,672,246;469,321,840,363;470,321,15,36;469,321,877,167;
498,323,119,7;489,322,304,345;490,321,217,228;489,321,427,350;482,305,895,73;490,321,914,328;490,322,750,257;480,323,107,106;479,322,595,145;489,322,844,69;454,390,260,198;458,388,848,269;469,384,933,279;495,406,437,26;488,394,354,51;462,388,522,138;468,384,530,227;
505,407,967,368;506,407,538,295;510,405,414,348;513,407,433,56;505,404,546,296;505,407,72,196;507,403,905,97;507,409,835,320;508,410,226,47;507,409,784,262;469,321,176,114;469,321,13,5;469,321,897,274;469,321,253,60;469,321,151,339;469,321,148,206;469,321,215,115;
510,413,23,10;510,414,629,356;510,413,668,244;510,414,60,336;510,414,0,6;510,414,739,312;510,414,561,231;510,414,603,236;510,414,153,339;510,414,913,365;523,357,823,362;529,352,335,257;519,359,634,84;527,341,708,155;514,344,193,55;516,355,432,285;516,355,500,292;
529,415,316,49;531,373,340,50;555,258,949,279;590,117,494,79;623,777,987,0;536,340,555,297;527,338,875,71;509,292,937,172;509,285,457,219;511,265,951,33;469,321,877,167;469,321,678,247;469,321,1003,101;469,321,202,341;469,321,288,125;469,321,897,274;469,321,253,60;
423,445,428,55;454,390,260,198;514,424,212,115;495,405,80,337;462,388,22,22;488,394,354,51;504,408,614,146;505,412,945,32;495,405,939,173;503,404,169,46;600,763,554,140;601,780,420,283;595,770,1006,334;600,782,1018,102;591,769,320,203;583,773,325,63;584,773,544,230;
599,743,781,316;596,740,769,92;598,757,733,254;599,743,983,284;585,743,673,151;584,752,624,15;585,745,920,328;585,744,569,354;585,744,907,276;585,745,787,160;522,393,298,344;522,392,998,370;524,404,565,142;525,389,970,18;519,395,964,368;520,392,389,69;518,395,478,291;
583,773,325,63;583,773,870,323;583,773,635,240;583,773,985,177;583,773,353,208;583,773,744,256;583,773,777,361;583,773,977,283;583,773,753,156;583,773,785,316;432,92,666,1;501,223,829,319;527,218,594,83;498,224,926,171;501,224,611,145;523,222,98,180;505,225,331,205;
564,679,556,82;569,690,377,123;570,690,839,321;529,415,316,49;623,777,987,0;565,692,323,127;587,723,768,141;583,723,980,283;558,706,237,119;587,723,502,79;484,241,11,105;484,243,91,104;486,239,451,3;485,241,524,294;484,241,40,12;484,241,491,78;484,241,372,267;
510,266,948,367;492,253,125,43;495,234,717,310;500,229,822,318;495,235,779,262;500,226,766,259;523,229,343,129;505,225,331,205;501,225,726,253;511,265,951,33;468,330,274,200;468,330,667,151;467,330,264,124;467,330,498,353;467,330,661,358;467,330,277,239;467,330,273,343;
511,816,307,126;450,919,800,264;454,898,608,238;473,1177,591,83;623,777,987,0;529,803,993,285;600,782,1018,102;564,775,850,5;583,774,570,143;577,776,575,232;544,736,97,337;544,736,604,236;547,736,224,195;547,737,756,90;546,741,992,285;546,741,387,348;541,738,1023,179;
514,424,212,115;507,409,312,127;504,408,614,146;495,406,437,26;512,419,114,48;508,410,226,47;509,412,167,54;510,415,300,202;510,414,100,44;510,414,186,191;457,319,44,187;475,287,390,215;474,272,155,109;427,315,321,203;459,323,55,39;468,350,553,60;406,362,754,157;
555,258,949,279;555,286,431,25;509,285,457,219;508,266,101,45;510,266,948,367;540,247,487,221;537,246,348,346;523,229,343,129;502,229,910,30;532,237,464,351;510,414,100,44;510,414,874,272;510,414,447,126;510,414,645,149;510,414,60,336;510,414,0,6;510,414,739,312;
521,730,637,303;521,720,623,302;521,730,83,198;529,739,306,250;544,726,751,64;542,712,408,72;537,732,439,287;536,734,989,369;529,739,919,365;535,735,92,104;512,669,311,119;512,669,817,266;508,669,758,91;559,678,1011,101;509,688,968,282;550,692,367,211;549,695,54,39;
542,712,408,72;542,711,411,11;551,708,576,232;557,709,351,67;549,722,521,226;555,719,305,249;553,721,620,147;554,719,376,269;554,720,794,143;554,720,534,228;488,370,445,74;487,364,246,197;482,364,435,124;480,363,974,175;482,372,139,20;484,373,805,93;482,364,507,224;
470,321,152,187;470,321,375,212;470,321,239,117;470,321,672,246;469,320,5,21;469,321,877,167;470,321,523,294;470,321,660,358;469,321,1003,101;539,748,511,225;542,746,843,321;546,741,1002,334;546,741,1020,102;552,749,388,52;547,759,797,264;547,759,549,296;538,754,888,273;
479,325,979,175;479,325,562,297;478,324,86,41;479,325,709,359;479,325,275,343;479,325,234,231;480,325,156,110;479,325,128,183;479,325,231,230;508,378,1012,370;505,373,450,134;508,379,705,154;504,373,448,350;494,381,467,76;503,388,682,86;508,387,53,192;499,372,942,99;
556,702,456,351;558,697,652,150;552,701,34,106;554,703,1019,76;552,702,943,99;552,701,799,317;551,700,1000,100;552,701,132,185;552,701,598,355;469,321,211,225;469,321,151,339;469,321,148,206;469,321,157,340;469,321,26,183;469,321,496,292;469,321,763,158;469,321,147,187;
427,315,73,32;457,319,44,187;468,350,553,60;469,326,21,181;466,318,229,117;467,330,93,42;469,323,133,8;467,330,264,124;467,319,360,347;516,672,75,34;550,694,165,113;550,692,367,211;552,693,223,116;509,688,968,282;551,700,1000,100;550,702,263,123;542,711,411,11;
510,353,46,188;516,355,500,292;516,355,432,285;515,359,473,290;514,360,136,19;515,359,703,250;516,358,116,107;515,358,442,125;515,358,912,327;485,237,558,140;484,240,200,221;484,240,163,209;483,241,204,115;483,241,816,93;484,241,40,12;484,240,257,198;483,241,95,180;
484,246,213,193;492,253,991,150;492,253,669,245;492,253,303,345;492,253,125,43;495,235,779,262;484,245,906,276;486,239,451,3;484,244,122,205;478,324,485,137;479,325,979,175;479,325,275,343;479,324,370,212;479,323,894,274;479,325,35,37;479,324,700,153;479,323,589,13;
540,221,168,188;537,225,268,124;536,225,631,357;535,224,541,4;537,225,684,359;537,225,836,164;537,225,482,136;537,225,294,244;537,225,245,342;468,350,553,60;470,347,688,247;468,330,667,151;459,323,55,39;467,330,264,124;467,330,498,353;467,330,446,288;467,330,277,239;
492,253,991,150;508,266,101,45;492,253,579,355;492,253,669,245;492,253,303,345;510,266,948,367;492,252,57,41;495,235,779,262;502,229,910,30;579,757,248,233;574,750,557,134;573,752,862,166;577,758,984,176;574,750,814,162;576,750,654,305;576,750,792,263;579,751,774,260;
469,326,21,181;469,330,278,343;474,323,737,312;475,327,495,222;473,332,164,111;468,330,274,200;472,321,252,121;469,323,133,8;470,321,364,68;509,412,167,54;505,412,945,32;510,414,186,191;511,414,381,213;510,414,645,149;510,414,188,191;510,414,0,6;510,414,74,33;
481,325,345,206;483,325,644,148;480,325,720,252;489,334,915,169;479,325,979,175;489,334,468,290;478,332,718,251;475,327,495,222;473,332,164,111;509,285,457,219;511,265,951,33;505,288,105,46;482,270,283,61;482,264,940,74;492,253,579,355;510,266,948,367;492,253,125,43;
504,408,614,146;495,406,437,26;505,404,546,296;505,407,72,196;505,403,480,352;495,405,939,173;504,402,520,293;504,403,429,132;503,402,444,133;509,285,457,219;508,266,101,45;506,293,171,189;477,286,476,220;482,270,283,61;507,292,214,226;506,292,39,336;509,292,393,273;
513,407,433,56;507,409,312,127;507,407,293,23;507,409,903,326;507,409,622,356;507,409,784,262;509,412,167,54;510,411,808,161;505,412,945,32;514,363,255,121;514,366,791,361;514,366,486,77;519,359,634,84;515,360,560,141;515,359,695,359;515,359,703,250;516,358,116,107;
502,349,339,260;487,342,244,59;502,351,460,289;489,352,332,128;488,351,76,197;503,342,852,94;496,338,765,91;496,338,656,242;496,356,711,63;514,419,706,308;514,424,212,115;514,424,206,223;514,418,120,204;505,412,945,32;510,415,300,202;513,417,37,186;511,415,474,220;
564,679,556,82;570,690,886,29;529,415,322,120;529,416,410,280;528,407,172,189;623,777,987,0;555,286,431,25;531,373,340,50;525,417,240,58;432,92,666,1;485,235,602,14;485,237,558,140;479,245,452,75;479,245,927,171;480,244,326,204;483,241,816,93;482,242,441,133;
523,357,823,362;528,407,172,189;529,415,316,49;555,286,431,25;536,340,555,297;529,352,335,257;519,359,634,84;521,375,900,275;525,389,970,18;474,323,737,312;478,324,485,137;476,304,776,159;472,321,252,121;479,323,499,137;479,322,201,341;482,305,895,73;479,322,595,145;
495,405,80,337;491,395,931,366;491,396,29,184;469,384,933,279;462,388,22,22;489,387,477,291;492,391,301,247;495,406,437,26;484,386,475,135;527,218,594,83;523,222,98,180;529,224,112,107;535,224,541,4;529,224,407,278;529,223,238,232;529,223,878,364;529,223,501,223;
560,742,876,272;556,741,605,237;562,750,815,265;556,755,512,292;556,755,956,331;546,741,1020,102;544,747,6,36;556,755,632,239;547,759,549,296;469,323,133,8;470,321,379,213;469,321,952,174;470,321,504,138;469,321,85,103;469,321,281,241;469,321,181,214;469,321,3,20;
555,733,371,266;555,739,509,80;547,735,513,81;547,736,882,324;547,737,756,90;552,731,309,345;552,731,812,318;550,730,638,240;552,731,592,300;538,225,247,120;540,247,487,221;537,246,348,346;523,229,343,129;532,237,464,351;535,224,541,4;537,226,140,108;529,224,112,107;
562,750,815,265;556,755,512,292;556,755,747,313;556,755,261,123;568,752,342,129;570,759,782,65;569,754,396,274;568,753,526,294;568,753,627,303;508,410,226,47;509,412,490,129;509,412,33,335;510,413,344,65;510,411,808,161;505,412,945,32;510,414,100,44;510,414,645,149;
273,531,386,130;496,669,618,302;503,667,955,100;452,390,738,256;421,442,577,354;515,425,675,152;514,424,212,115;495,406,437,26;454,390,260,198;519,353,42,24;510,353,46,188;516,355,432,285;527,341,708,155;506,353,853,70;527,339,694,249;503,342,852,94;513,336,671,16;
524,404,565,142;511,404,802,361;512,402,858,95;510,405,414,348;518,415,461,57;514,413,242,196;510,411,808,161;508,410,226,47;507,407,293,23;469,321,281,241;469,321,3,20;469,321,415,349;469,321,401,275;469,321,145,339;469,321,496,292;469,321,210,224;469,321,147,187;
528,407,172,189;525,417,240,58;517,419,911,277;524,404,565,142;513,407,433,56;514,418,120,204;514,413,242,196;513,416,925,329;513,417,37,186;564,679,556,82;512,669,817,266;559,678,1011,101;517,425,329,64;503,667,955,100;515,425,675,152;517,425,285,343;516,425,730,360;
235,824,330,10;450,880,752,90;449,918,131,184;435,856,341,121;435,856,584,144;448,885,699,250;447,885,609,301;435,856,374,268;448,885,663,244;529,415,322,120;529,416,410,280;528,407,172,189;529,415,316,49;517,425,329,64;517,419,911,277;518,415,461,57;517,424,683,307;
539,748,352,346;528,745,857,95;539,738,966,281;529,739,997,177;539,748,61,193;541,738,1023,179;536,736,582,233;536,736,328,204;540,745,729,254;478,351,773,315;485,353,471,77;477,351,113,181;496,338,765,91;492,347,276,48;478,332,718,251;488,351,76,197;489,334,468,290;
427,315,73,32;406,362,754,157;458,380,14,6;477,356,182,190;477,351,113,181;459,323,55,39;470,365,665,150;470,347,688,247;467,330,93,42;469,321,43,25;469,321,1003,101;469,321,897,274;469,321,280,240;469,321,421,132;469,321,211,225;469,321,148,206;469,321,25,23;
492,682,291,9;506,780,550,296;513,711,574,299;521,730,637,303;513,711,385,214;523,743,767,260;521,730,83,198;521,767,884,167;520,754,586,234;474,272,155,109;508,266,101,45;477,269,741,360;477,286,476,220;505,288,105,46;482,265,552,133;482,264,940,74;482,265,796,316;
483,243,707,154;484,243,855,322;484,243,91,104;484,241,491,78;483,243,854,322;483,243,685,153;483,242,969,149;483,242,191,192;483,242,259,122;490,1248,954,367;490,1248,505,353;473,1177,591,83;623,777,987,0;449,1177,454,219;404,1268,548,12;449,1177,601,356;490,1248,879,324;
502,351,460,289;493,365,398,215;492,364,449,127;500,368,818,266;506,353,853,70;507,367,617,147;489,352,332,128;492,347,276,48;492,364,146,186;600,782,1018,102;596,773,49,26;583,774,570,143;583,773,99,105;584,773,544,230;583,773,353,208;583,773,831,28;583,773,635,240;
549,724,701,308;549,726,883,273;549,722,521,226;542,712,408,72;533,733,999,34;537,732,439,287;550,730,638,240;547,735,513,81;541,732,235,119;564,679,556,82;529,416,410,280;516,425,207,57;525,417,240,58;517,424,683,307;517,425,285,343;516,424,649,304;516,425,735,255;
556,755,261,123;563,754,402,54;572,767,346,207;564,775,850,5;569,754,175,211;569,754,396,274;573,761,764,315;571,753,962,75;573,759,357,209;514,413,242,196;509,412,167,54;510,411,808,161;509,412,33,335;511,414,721,88;510,413,23,10;510,414,645,149;510,413,668,244;
585,743,673,151;580,747,1014,287;584,752,624,15;585,744,317,253;585,745,920,328;585,744,308,251;585,745,982,332;585,745,909,327;585,745,111,181;576,749,819,163;576,750,792,263;576,750,359,262;576,749,572,135;577,749,845,165;576,749,772,158;576,749,830,319;576,749,1008,286;
569,752,938,366;569,752,358,261;568,752,342,129;569,751,355,208;568,753,526,294;570,752,362,122;573,752,862,166;571,753,962,75;570,753,648,149;583,723,980,283;558,706,237,119;554,703,1019,76;581,725,630,148;551,708,576,232;557,722,918,170;549,715,1005,35;555,719,305,249;
579,734,746,257;559,735,996,370;560,741,957,148;560,742,876,272;568,750,790,17;579,736,803,161;556,726,503,2;555,739,509,80;556,741,605,237;471,326,135,44;472,321,252,121;469,323,133,8;470,321,124,338;470,321,379,213;470,321,152,187;470,321,375,212;470,321,607,300;
492,328,616,238;483,325,644,148;492,324,702,87;489,322,304,345;490,322,413,217;490,322,218,194;480,323,107,106;490,321,208,22;480,323,581,144;522,393,298,344;522,392,600,355;525,389,970,18;513,384,851,321;513,383,4,7;519,395,964,368;517,393,28,11;522,393,52,27;
502,350,492,130;502,349,339,260;510,353,46,188;502,351,460,289;514,360,136,19;507,367,617,147;514,344,193,55;503,342,852,94;496,356,711,63;521,375,900,275;517,378,143,112;517,378,978,332;508,378,1012,370;514,366,486,77;516,379,722,252;505,373,450,134;508,379,705,154;
555,286,431,25;536,340,555,297;527,341,708,155;527,339,995,369;527,338,748,140;527,338,653,304;527,338,880,324;509,292,937,172;513,336,671,16;480,324,334,128;479,324,103,200;479,324,700,153;480,324,917,328;479,324,192,217;479,324,793,263;480,324,241,196;480,324,310,126;
469,384,859,270;482,372,139,20;470,365,665,150;468,384,530,227;460,380,670,245;461,381,778,261;462,384,150,109;463,385,686,307;464,386,864,323;521,720,623,302;542,712,71,109;542,712,944,330;544,726,751,64;533,733,999,34;549,722,521,226;542,711,411,11;549,715,1005,35;
475,287,390,215;506,293,171,189;477,286,476,220;506,293,679,306;498,323,119,7;476,304,776,159;479,322,127,50;490,321,208,22;479,322,595,145;458,388,848,269;458,380,14,6;462,388,522,138;462,385,710,309;460,382,423,349;462,384,138,339;462,384,469,290;461,382,896,169;
484,246,213,193;479,245,927,171;508,266,101,45;492,253,579,355;492,253,669,245;479,245,452,75;482,265,552,133;482,270,283,61;482,265,796,316;493,365,398,215;492,364,146,186;487,364,246,197;482,364,78,35;484,373,805,93;499,372,942,99;487,378,430,218;493,381,205,222;
570,752,362,122;570,752,788,67;570,759,782,65;573,752,862,166;569,754,175,211;570,753,648,149;577,758,529,353;577,758,984,176;573,759,357,209;427,315,321,203;432,92,666,1;479,245,115,49;474,272,155,109;479,245,927,171;477,269,741,360;482,264,940,74;482,265,796,316;
558,706,237,119;556,702,456,351;557,709,351,67;551,708,576,232;554,702,50,38;552,702,943,99;552,703,51,191;552,702,382,270;552,702,568,143;507,378,18,37;499,372,942,99;497,393,196,114;503,388,682,86;493,381,205,222;489,387,477,291;492,391,301,247;489,386,573,298;
487,342,244,59;489,352,332,128;488,351,76,197;488,351,220,116;487,364,246,197;478,351,773,315;478,356,950,330;482,364,507,224;521,375,900,275;517,377,397,70;514,366,47,189;507,367,930,278;514,366,791,361;519,359,634,84;505,373,450,134;519,359,106,47;510,414,0,6;
244,1300,693,139;207,1266,394,130;244,1301,901,326;404,1268,548,12;219,1292,313,252;215,1244,551,231;220,1294,225,116;338,1150,465,134;484,241,11,105;484,243,91,104;483,241,626,303;484,241,40,12;483,241,95,180;483,242,650,62;484,241,64,29;483,242,191,192;510,414,0,6;
435,85,680,306;432,92,666,1;543,218,743,313;555,258,949,279;555,286,431,25;623,777,987,0;527,218,594,83;544,222,216,227;570,690,886,29;587,723,768,141;599,743,757,258;583,723,980,283;623,777,987,0;596,740,769,92;581,725,630,148;579,734,746,257;510,414,0,6;
559,735,996,370;558,734,841,363;561,737,789,68;556,741,605,237;555,733,371,266;551,735,392,53;546,741,1020,102;547,737,756,90;424,1089,761,314;405,1095,828,319;372,1094,363,263;235,824,330,10;363,1099,834,268;450,919,800,264;449,918,131,184;473,1177,591,83;510,414,0,6;
544,726,751,64;544,736,604,236;551,735,392,53;547,736,882,324;547,736,224,195;541,732,235,119;550,730,638,240;547,736,881,364;583,773,891,325;583,773,963,368;583,773,532,139;583,773,832,362;583,773,615,301;583,773,856,269;583,773,1010,178;583,773,893,365;510,414,0,6;
516,425,207,57;559,678,1011,101;529,415,316,49;529,416,410,280;564,680,324,255;570,690,886,29;517,425,329,64;570,690,839,321;579,749,958,280;577,749,811,318;576,750,654,305;576,750,359,262;579,751,774,260;576,749,716,88;576,749,772,158;577,749,845,165;510,414,0,6;
488,1237,297,62;424,1089,827,268;449,1177,601,356;424,1089,761,314;450,919,800,264;426,987,510,80;623,777,987,0;586,800,923,31;432,92,666,1;543,218,743,313;590,117,494,79;540,220,593,300;501,223,59,28;523,222,98,180;529,223,134,51;535,224,541,4;510,414,0,6;
582,770,536,228;581,769,677,246;572,767,346,207;564,775,850,5;582,772,723,89;582,774,994,333;577,776,575,232;582,773,88,103;523,357,823,362;531,373,340,50;521,375,900,275;514,366,486,77;519,353,42,24;519,359,106,47;516,358,116,107;516,355,500,292;510,414,0,6;
550,702,262,118;552,703,51,191;550,702,687,86;550,702,166,340;551,708,576,232;542,711,411,11;550,702,263,123;552,702,183,112;537,732,439,287;541,732,235,119;539,738,966,281;536,734,989,369;536,736,328,204;536,736,655,305;535,735,92,104;536,736,846,363;510,414,0,6;
507,378,18,37;497,393,196,114;509,390,443,350;509,390,936,172;508,387,53,192;494,381,467,76;502,400,929,98;506,399,890,168;552,701,598,355;552,701,132,185;552,702,183,112;552,701,799,317;550,702,166,340;550,702,640,85;551,700,1000,100;550,702,263,123;510,414,0,6;
583,773,872,323;583,773,356,209;583,773,559,297;583,773,760,259;583,773,891,325;583,773,1010,178;583,773,724,311;583,773,963,368;492,328,657,305;492,328,543,229;492,328,616,238;498,323,119,7;489,322,844,69;490,322,218,194;490,322,750,257;490,322,941,367;510,414,0,6;
577,750,571,82;577,749,845,165;576,749,1008,286;576,749,547,354;576,749,772,158;576,749,806,146;576,749,798,361;576,749,971,369;514,413,242,196;513,416,925,329;510,413,344,65;511,415,474,220;510,415,65,15;511,414,381,213;510,413,23,10;510,414,10,9;510,414,0,6;
583,772,959,367;583,772,187,113;582,770,536,228;583,773,809,265;576,774,625,84;583,773,271,199;582,773,88,103;583,773,250,235;476,304,776,159;466,318,229,117;472,321,252,121;470,321,124,338;469,320,898,97;469,320,5,21;470,321,607,300;470,321,672,246;510,414,0,6;
511,816,307,126;436,855,928,329;447,885,609,301;435,856,514,58;448,886,516,225;454,898,608,238;435,856,374,268;448,885,517,226;555,739,509,80;547,736,221,341;547,736,882,324;547,736,224,195;551,735,392,53;544,738,68,31;546,741,1020,102;546,741,387,348;510,414,0,6;
512,669,311,119;512,669,817,266;502,668,621,138;503,667,955,100;502,668,837,320;492,682,291,9;509,688,968,282;516,672,75,34;487,342,244,59;492,347,276,48;492,328,947,173;489,334,915,169;489,334,468,290;496,338,38,108;496,338,656,242;496,338,404,216;510,414,0,6;
599,743,795,144;599,743,757,258;587,723,502,79;579,734,746,257;599,743,781,316;579,736,803,161;585,743,673,151;590,747,455,27;408,1175,380,347;404,1268,548,12;338,1150,465,134;408,1175,904,327;406,1096,587,299;405,1095,828,319;356,1109,838,164;372,1094,363,263;510,414,0,6;
488,370,445,74;487,378,430,218;482,364,78,35;482,372,139,20;484,377,173,21;484,373,1004,151;484,373,436,218;483,373,69,16;479,245,115,49;485,237,558,140;482,242,441,133;483,241,204,115;483,240,81,40;483,242,179,190;483,241,626,303;483,241,95,180;510,414,0,6;
320,1143,804,145;215,1244,551,231;338,1150,465,134;235,824,330,10;363,1099,834,268;356,1108,470,128;356,1109,838,164;356,1108,826,362;502,349,339,260;506,353,853,70;492,347,276,48;496,338,656,242;503,334,209,193;514,344,193,55;504,334,715,310;513,336,671,16;510,414,0,6;
520,754,586,234;523,743,767,260;531,759,658,243;539,748,352,346;529,739,997,177;538,744,540,59;539,748,511,225;538,754,888,273;524,404,565,142;517,393,28,11;518,395,478,291;511,404,802,361;513,407,433,56;506,399,890,168;509,390,936,172;507,403,905,97;510,414,0,6;
582,774,994,333;582,774,810,317;582,773,88,103;583,773,731,311;583,773,662,243;583,773,725,253;583,773,559,297;583,773,872,323;485,235,602,14;498,224,567,142;497,226,158,208;497,226,110,106;497,225,2,19;499,225,418,131;499,225,258,122;497,225,1,103;510,414,0,6;
468,320,566,298;466,318,229,117;468,320,265,342;469,320,251,236;471,320,736,89;469,320,9,3;469,320,1001,333;469,320,5,21;511,404,802,361;512,402,858,95;510,405,414,348;506,399,890,168;505,404,546,296;505,403,480,352;507,407,293,23;504,403,429,132;510,414,0,6;
501,224,611,145;499,225,162,110;499,224,243,120;499,225,142,186;499,224,266,237;499,224,409,279;499,224,227,229;499,224,440,288;497,393,196,114;503,388,682,86;506,399,890,168;503,400,422,284;495,405,939,173;503,400,719,360;503,402,444,133;503,400,692,249;510,414,0,6;
504,373,417,281;504,373,448,350;507,378,18,37;493,365,398,215;500,368,818,266;488,370,445,74;494,381,467,76;493,381,205,222;554,703,1019,76;554,702,50,38;552,702,382,270;552,701,132,185;552,702,41,13;552,702,383,271;552,702,287,344;552,702,361,210;510,414,0,6;
496,669,618,302;512,669,817,266;516,425,207,57;502,668,621,138;508,669,758,91;423,445,428,55;515,425,675,152;502,668,837,320;558,697,652,150;552,701,34,106;552,693,223,116;549,695,54,39;554,702,50,38;550,702,687,86;552,701,799,317;550,702,263,123;510,414,0,6;
469,321,877,167;470,321,523,294;470,321,15,36;469,321,497,352;470,321,714,310;469,321,43,25;469,321,421,132;469,321,253,60;564,679,556,82;564,680,324,255;512,669,817,266;516,425,207,57;516,672,75,34;558,693,953,280;550,692,367,211;552,693,416,349;510,414,0,6;
600,782,873,364;601,780,420,283;600,782,771,142;623,777,987,0;596,773,49,26;586,800,923,31;583,773,325,63;583,774,570,143;556,741,605,237;555,739,509,80;547,737,756,90;546,741,992,285;546,741,1002,334;544,747,6,36;552,749,388,52;546,741,387,348;510,414,0,6;
469,321,149,52;470,321,504,138;469,321,281,241;469,321,210,224;469,321,421,132;469,321,267,342;469,321,763,158;582,772,723,89;582,774,994,333;576,774,625,84;583,773,821,267;583,773,250,235;583,773,863,96;583,773,731,311;497,226,158,208;497,225,871,96;497,225,2,19;
484,241,11,105;484,243,1013,334;484,243,855,322;484,241,64,29;484,241,491,78;483,242,650,62;486,239,451,3;529,739,997,177;536,734,989,369;533,733,999,34;529,739,919,365;536,736,655,305;536,736,582,233;537,735,651,85;499,225,195,192;499,225,762,157;499,224,180,111;
480,325,976,282;480,325,975,332;480,325,391,272;480,324,334,128;480,325,156,110;480,325,295,344;480,325,170,210;583,772,981,176;583,772,613,301;583,773,1015,287;584,773,642,304;583,773,635,240;584,773,544,230;583,773,325,63;484,241,64,29;484,243,91,104;484,241,491,78;
479,322,595,145;490,321,208,22;480,323,463,289;489,322,844,69;480,323,581,144;480,323,664,358;479,323,596,235;497,226,434,286;497,226,230,195;497,226,228,117;497,226,158,208;497,226,318,346;499,225,418,131;497,225,871,96;552,701,799,317;554,702,50,38;551,700,1000,100;
523,229,343,129;523,222,98,180;535,232,160,53;529,223,134,51;535,224,541,4;529,224,407,278;529,224,319,254;519,359,634,84;516,355,500,292;515,358,56,40;515,358,442,125;515,359,695,359;519,359,106,47;515,358,912,327;497,226,12,4;497,226,123,182;497,226,333,205;
538,225,247,120;535,232,160,53;538,225,1017,335;536,225,631,357;535,224,541,4;537,226,282,242;537,225,836,164;499,224,689,248;499,224,199,220;499,224,8,8;499,225,762,157;499,224,698,308;499,224,696,307;499,224,922,278;496,338,656,242;496,338,765,91;496,338,404,216;
467,381,889,72;463,385,619,302;463,385,686,307;461,381,778,261;462,384,138,339;462,384,469,290;461,382,896,169;427,315,73,32;427,315,321,203;475,287,390,215;479,245,452,75;477,269,741,360;482,270,283,61;477,286,476,220;542,711,411,11;542,712,408,72;542,712,944,330;
479,325,562,297;480,325,976,282;480,325,96,105;479,325,35,37;480,325,170,210;479,325,231,230;479,325,691,248;499,225,934,366;499,225,418,131;501,225,726,253;501,224,611,145;499,225,258,122;499,224,908,98;499,225,142,186;507,409,903,326;507,409,89,179;507,409,784,262;
470,347,688,247;469,330,278,343;479,330,144,45;478,332,718,251;475,327,495,222;468,330,667,151;471,326,135,44;499,225,142,186;499,225,195,192;499,225,7,104;499,225,762,157;499,224,190,216;499,224,227,229;499,224,698,308;503,402,66,195;503,402,444,133;503,400,692,249;
552,703,51,191;550,702,687,86;550,702,640,85;552,701,132,185;552,702,361,210;552,702,568,143;552,702,606,237;481,245,378,347;480,244,326,204;482,245,185,113;483,243,707,154;482,242,441,133;483,242,426,217;483,243,685,153;517,378,978,332;516,379,722,252;517,377,397,70;
484,246,213,193;479,245,927,171;484,245,906,276;481,245,378,347;480,245,438,350;483,243,707,154;482,243,184,112;585,771,916,170;584,772,419,282;583,772,959,367;582,770,536,228;583,772,613,301;582,772,723,89;583,772,981,176;549,695,54,39;550,692,367,211;552,693,223,116;
491,395,931,366;502,400,929,98;503,388,682,86;494,381,467,76;495,405,939,173;491,396,29,184;492,391,301,247;497,227,590,234;495,234,717,310;500,229,822,318;485,235,602,14;497,226,12,4;497,226,228,117;497,226,333,205;469,321,25,23;469,321,215,115;469,321,13,5;
423,445,428,55;515,424,399,216;515,425,675,152;512,419,114,48;505,412,945,32;495,406,437,26;514,424,206,223;469,321,176,114;469,321,279,201;469,321,13,5;469,321,233,118;469,321,25,23;469,321,676,152;469,321,26,183;483,240,81,40;483,241,816,93;483,241,95,180;
558,693,953,280;552,693,416,349;558,697,652,150;550,694,165,113;550,692,367,211;551,700,1000,100;549,695,54,39;208,1385,256,197;244,1301,901,326;244,1300,488,78;219,1292,313,252;219,1293,866,147;219,1293,646,241;219,1293,368,265;489,352,332,128;488,351,76,197;485,353,471,77;
500,229,822,318;497,227,198,114;497,226,434,286;500,226,766,259;499,225,418,131;497,226,110,106;497,226,333,205;457,319,44,187;459,323,55,39;476,304,776,159;468,320,566,298;467,319,360,347;471,320,736,89;469,320,898,97;470,321,152,187;470,321,15,36;470,321,672,246;
556,722,533,131;557,722,918,170;555,719,305,249;554,719,376,269;554,720,154,207;554,720,534,228;556,722,990,284;469,321,3,20;469,321,415,349;469,321,279,201;469,321,288,125;469,321,401,275;469,321,215,115;469,321,676,152;550,702,640,85;550,702,263,123;550,702,166,340;
544,726,751,64;544,736,604,236;543,735,336,258;547,735,513,81;537,732,439,287;539,738,966,281;537,735,651,85;570,690,886,29;583,723,980,283;565,692,323,127;557,709,351,67;554,703,1019,76;556,702,456,351;558,697,652,150;516,672,75,34;512,669,817,266;508,669,758,91;
501,223,829,319;499,224,628,356;501,224,611,145;499,224,199,220;499,224,8,8;499,224,409,279;499,224,908,98;540,221,299,246;544,222,290,202;540,247,487,221;538,225,1017,335;537,226,140,108;537,225,268,124;535,232,160,53;529,415,316,49;529,416,410,280;525,417,240,58;
474,323,737,312;471,326,135,44;476,304,776,159;479,322,127,50;470,321,364,68;471,320,736,89;470,321,124,338;514,366,47,189;514,360,136,19;507,367,617,147;514,366,791,361;515,360,62,194;515,360,560,141;519,359,106,47;435,856,514,58;435,856,584,144;435,856,374,268;
498,224,567,142;497,225,871,96;499,225,418,131;499,225,162,110;499,225,24,182;499,225,142,186;499,225,195,192;483,242,109,202;483,242,179,190;483,243,854,322;483,242,508,224;483,242,969,149;483,242,191,192;483,242,650,62;570,752,788,67;571,753,962,75;570,753,648,149;
556,755,924,365;556,755,747,313;547,759,973,174;556,755,632,239;570,759,782,65;563,754,402,54;564,775,850,5;550,702,262,118;549,695,54,39;550,702,687,86;550,702,166,340;550,702,640,85;551,700,1000,100;542,711,411,11;570,690,839,321;570,690,886,29;565,692,323,127;
469,326,21,181;468,330,274,200;459,323,55,39;467,330,93,42;467,330,67,30;467,330,273,343;467,330,446,288;540,221,299,246;538,225,247,120;540,221,168,188;538,225,1017,335;537,225,102,42;537,225,481,221;537,225,684,359;482,364,78,35;480,363,974,175;482,364,507,224;
492,328,543,229;492,328,947,173;496,338,404,216;503,334,209,193;504,332,272,200;503,333,19,180;503,331,84,199;469,321,678,247;469,321,181,214;469,321,3,20;469,321,43,25;469,321,279,201;469,321,202,341;469,321,233,118;515,358,56,40;516,358,116,107;515,358,912,327;
525,805,583,355;500,795,820,163;436,855,928,329;450,880,752,90;454,898,608,238;586,800,923,31;529,803,993,285;480,324,887,168;480,324,108,201;480,324,563,298;480,324,334,128;480,324,917,328;480,324,194,218;480,324,406,71;510,414,874,272;510,414,74,33;510,414,645,149;
506,407,538,295;508,410,226,47;505,412,945,32;507,409,622,356;504,408,614,146;507,409,835,320;507,409,89,179;569,690,377,123;570,690,839,321;564,680,324,255;570,690,886,29;558,706,237,119;558,693,953,280;558,697,652,150;493,365,398,215;492,364,146,186;496,356,711,63;
488,351,76,197;492,347,276,48;488,351,220,116;496,356,711,63;485,353,471,77;492,364,146,186;487,364,246,197;480,325,975,332;480,324,563,298;480,324,406,71;480,324,310,126;480,324,241,196;480,325,295,344;480,325,96,105;356,1109,838,164;324,1123,849,94;356,1108,826,362;
562,750,815,265;569,752,938,366;569,752,588,299;568,750,790,17;563,754,402,54;570,752,788,67;568,753,526,294;502,229,910,30;505,225,331,205;523,222,98,180;532,237,464,351;511,265,951,33;529,224,112,107;535,232,160,53;509,412,167,54;510,411,808,161;509,412,33,335;
262,534,641,357;390,374,479,135;235,824,330,10;492,682,291,9;496,669,618,302;423,445,428,55;421,442,577,354;208,1385,256,197;235,824,330,10;215,1244,551,231;219,1293,646,241;244,1300,488,78;219,1292,313,252;219,1292,77,337;502,351,460,289;506,353,853,70;502,349,339,260;
598,760,1016,335;598,757,733,254;591,769,861,270;584,752,624,15;583,762,860,322;583,762,986,333;584,767,801,160;497,226,228,117;500,226,766,259;497,226,110,106;497,225,871,96;499,225,934,366;499,225,258,122;499,225,162,110;556,722,232,118;556,722,990,284;557,722,918,170;
469,321,497,352;470,321,504,138;469,321,85,103;469,321,1003,101;469,321,280,240;469,321,267,342;469,321,253,60;506,399,890,168;503,400,422,284;505,403,480,352;507,403,905,97;504,402,520,293;503,404,169,46;503,400,130,184;552,702,568,143;552,702,382,270;552,702,41,13;
479,245,115,49;480,244,326,204;482,243,184,112;483,241,816,93;483,242,426,217;483,242,109,202;483,242,179,190;495,405,939,173;504,402,520,293;503,404,169,46;502,400,929,98;503,402,87,111;503,402,66,195;503,400,692,249;482,264,940,74;482,270,283,61;482,265,796,316;
508,378,1012,370;517,377,397,70;507,367,930,278;514,366,486,77;504,373,417,281;507,378,18,37;504,373,448,350;404,1268,548,12;244,1300,488,78;320,1143,804,145;215,1244,551,231;370,1152,780,92;356,1109,838,164;324,1123,849,94;573,752,862,166;575,751,94,43;574,750,814,162;
470,384,1021,371;469,384,933,279;487,378,430,218;489,387,477,291;489,386,573,298;488,394,354,51;484,377,173,21;262,534,641,357;273,531,386,130;427,315,321,203;432,92,666,1;452,390,738,256;421,442,577,354;406,362,754,157;577,749,845,165;576,749,347,66;576,749,1008,286;
537,225,684,359;537,225,481,221;537,225,102,42;537,225,899,275;537,225,885,325;537,225,932,366;537,225,245,342;483,374,254,342;483,373,197,219;484,373,436,218;483,373,69,16;483,373,63,336;483,373,384,214;483,373,350,207;510,414,186,191;510,415,300,202;510,415,65,15;
474,323,737,312;475,327,495,222;478,324,86,41;479,325,979,175;479,323,894,274;479,322,127,50;479,323,499,137;478,324,485,137;479,322,127,50;479,323,894,274;479,323,589,13;479,322,338,259;479,322,201,341;479,323,965,368;479,323,589,13;479,323,894,274;479,323,965,368;
470,321,379,213;469,321,149,52;470,321,545,230;469,321,497,352;470,321,714,310;469,321,85,103;469,321,421,132;458,388,848,269;462,388,22,22;462,385,710,309;460,383,424,73;463,385,466,289;464,386,864,323;468,384,530,227;508,669,758,91;503,667,955,100;502,668,837,320;
583,773,821,267;583,773,250,235;583,773,960,331;583,773,825,267;583,773,985,177;583,773,271,199;583,773,842,165;583,773,744,256;583,773,528,295;583,773,725,253;583,773,891,325;583,773,724,311;583,773,615,301;583,773,531,81;244,1301,901,326;404,1268,548,12;244,1300,488,78;
598,760,1016,335;599,743,983,284;623,777,987,0;598,757,733,254;595,770,1006,334;596,773,49,26;601,780,420,283;479,245,115,49;485,235,602,14;486,239,451,3;484,240,403,276;483,241,816,93;484,240,200,221;483,240,81,40;527,338,653,304;527,338,875,71;527,338,880,324;
514,363,255,121;515,359,473,290;515,359,703,250;519,359,106,47;515,360,62,194;515,360,749,314;515,360,674,306;480,323,302,248;480,324,108,201;480,324,194,218;480,324,647,242;480,323,581,144;480,323,664,358;479,323,596,235;570,690,886,29;583,723,980,283;587,723,502,79;
528,407,172,189;522,393,52,27;525,389,970,18;518,415,461,57;513,407,433,56;512,402,858,95;518,395,478,291;432,92,666,1;485,235,602,14;498,224,926,171;497,225,871,96;499,224,689,248;499,225,24,182;499,225,258,122;600,782,873,364;600,782,1018,102;623,777,987,0;
554,703,1019,76;552,703,51,191;552,702,537,132;552,702,382,270;552,702,183,112;552,702,41,13;552,702,606,237;600,782,1018,102;586,800,923,31;583,773,325,63;577,776,575,232;582,774,810,317;583,773,662,243;583,773,353,208;549,715,1005,35;554,719,376,269;554,720,534,228;
483,325,644,148;480,324,45,14;480,323,302,248;480,323,564,141;480,323,107,106;489,322,844,69;480,323,664,358;235,824,330,10;436,855,928,329;500,795,820,163;492,682,291,9;435,856,341,121;435,856,514,58;435,856,374,268;599,743,757,258;596,740,769,92;599,743,781,316;
479,322,201,341;479,322,127,50;482,305,895,73;479,322,338,259;480,323,107,106;490,321,208,22;480,323,463,289;501,223,829,319;501,223,59,28;505,225,331,205;501,225,726,253;499,224,243,120;499,224,908,98;499,225,162,110;324,1123,849,94;215,1244,551,231;338,1150,465,134;
531,759,658,243;531,759,697,359;521,767,884,167;540,758,921,277;539,770,643,241;537,777,740,156;542,765,327,256;505,407,967,368;506,407,538,295;507,409,312,127;505,407,72,196;495,406,437,26;505,412,945,32;503,404,169,46;576,749,798,361;576,749,716,88;576,749,734,255;
514,366,47,189;507,367,930,278;514,363,255,121;500,368,818,266;506,353,853,70;514,360,136,19;496,356,711,63;553,723,292,243;549,722,833,320;549,722,521,226;549,715,1005,35;554,720,154,207;554,723,506,223;554,720,534,228;220,1294,225,116;219,1293,646,241;219,1293,368,265;
583,723,980,283;587,723,502,79;579,734,746,257;557,709,351,67;556,726,503,2;557,722,918,170;556,724,868,271;492,328,616,238;479,330,144,45;489,322,844,69;480,324,45,14;481,325,345,206;480,323,581,144;489,334,915,169;560,742,876,272;561,737,789,68;556,741,605,237;
509,412,167,54;510,413,344,65;510,414,100,44;510,414,874,272;510,413,668,244;510,414,447,126;510,414,74,33;568,753,526,294;570,752,362,122;570,752,788,67;569,754,659,357;569,754,175,211;568,753,627,303;571,753,962,75;483,242,191,192;483,242,650,62;483,242,259,122;
565,692,323,127;558,706,237,119;556,702,456,351;558,693,953,280;554,702,50,38;552,693,223,116;551,700,1000,100;458,380,14,6;477,356,182,190;468,350,553,60;467,381,889,72;480,363,974,175;482,372,139,20;460,380,670,245;492,253,303,345;492,252,57,41;492,253,125,43;
470,347,688,247;469,330,278,343;473,332,164,111;468,330,274,200;467,330,93,42;467,330,498,353;467,330,67,30;596,740,769,92;590,747,455,27;585,744,569,354;579,736,803,161;585,744,317,253;580,747,1014,287;585,745,786,66;484,373,436,218;484,373,805,93;483,373,69,16;
516,425,207,57;503,667,955,100;423,445,428,55;516,425,730,360;515,424,399,216;514,424,212,115;516,425,735,255;469,321,233,118;469,321,401,275;469,321,145,339;469,321,215,115;469,321,157,340;469,321,26,183;469,321,147,187;510,414,0,6;510,414,0,6;510,414,0,6;
483,243,707,154;482,243,184,112;483,242,426,217;483,242,639,357;483,243,854,322;483,243,117,338;483,242,650,62;478,324,86,41;479,324,370,212;479,324,103,200;479,323,589,13;479,324,192,217;480,324,406,71;479,324,493,222;510,414,0,6;510,414,0,6;510,414,0,6;
508,378,1012,370;517,377,397,70;516,379,722,252;507,378,18,37;508,387,53,192;513,383,4,7;511,385,284,201;484,245,906,276;482,245,185,113;484,243,542,295;482,243,184,112;484,243,855,322;483,242,650,62;483,243,685,153;510,414,0,6;510,414,0,6;510,414,0,6;
536,340,555,297;529,352,335,257;519,353,42,24;527,338,875,71;514,344,193,55;527,339,694,249;527,339,995,369;579,757,248,233;579,764,972,331;577,758,783,159;577,758,984,176;584,752,624,15;583,762,986,333;579,764,892,325;510,414,0,6;510,414,0,6;510,414,0,6;
526,783,867,271;529,803,993,285;521,767,884,167;535,763,612,146;543,772,395,348;564,775,850,5;539,770,643,241;583,773,744,256;583,773,831,28;583,773,832,362;583,773,615,301;583,773,856,269;583,773,893,365;583,773,785,316;510,414,0,6;510,414,0,6;510,414,0,6;
427,315,73,32;427,315,321,203;452,390,738,256;390,374,479,135;468,350,553,60;458,380,14,6;452,389,48,190;499,224,689,248;499,224,141,108;499,225,24,182;499,225,195,192;499,225,7,104;499,224,698,308;499,224,180,111;510,414,0,6;510,414,0,6;510,414,0,6;
469,321,85,103;469,321,280,240;469,321,267,342;469,321,211,225;469,321,496,292;469,321,210,224;469,321,31,38;576,750,359,262;577,750,571,82;576,749,347,66;576,749,830,319;576,749,547,354;576,749,716,88;576,749,734,255;510,414,0,6;510,414,0,6;510,414,0,6;
457,319,44,187;475,287,390,215;482,305,895,73;466,318,229,117;479,322,127,50;472,321,252,121;471,320,736,89;580,759,727,155;579,764,972,331;576,765,813,162;573,760,988,369;577,758,529,353;577,758,984,176;573,759,357,209;510,414,0,6;510,414,0,6;510,414,0,6;
590,747,455,27;585,745,920,328;585,744,907,276;585,745,909,327;585,745,755,314;585,745,249,234;585,745,713,309;591,769,861,270;585,771,916,170;583,762,860,322;580,766,633,239;582,770,536,228;587,765,400,131;581,769,677,246;510,414,0,6;510,414,0,6;510,414,0,6;
579,734,746,257;596,740,769,92;561,737,789,68;568,750,790,17;585,743,673,151;578,747,775,261;580,747,1014,287;513,407,433,56;514,413,242,196;508,410,226,47;509,412,490,129;509,412,167,54;510,413,344,65;509,412,33,335;510,414,0,6;510,414,0,6;510,414,0,6;
579,764,972,331;581,769,677,246;572,767,346,207;577,758,783,159;580,766,633,239;573,761,764,315;573,760,988,369;568,750,790,17;569,751,355,208;574,750,557,134;573,752,862,166;576,749,819,163;575,751,94,43;576,750,792,263;510,414,0,6;510,414,0,6;510,414,0,6;
568,750,790,17;578,747,775,261;577,749,811,318;574,750,814,162;577,749,845,165;576,749,347,66;576,750,792,263;511,816,307,126;436,855,928,329;525,805,583,355;435,856,584,144;492,682,291,9;506,780,550,296;526,783,867,271;510,414,0,6;510,414,0,6;510,414,0,6;
536,225,631,357;537,226,140,108;537,226,282,242;537,225,102,42;537,225,899,275;537,225,296,245;537,225,294,244;338,1150,465,134;370,1152,780,92;372,1094,363,263;363,1099,834,268;356,1108,470,128;324,1123,849,94;356,1108,826,362;510,414,0,6;510,414,0,6;510,414,0,6;
583,773,821,267;583,773,527,139;583,773,366,264;583,773,985,177;583,773,356,209;583,773,1007,370;583,773,760,259;577,749,811,318;576,749,819,163;577,750,571,82;576,749,572,135;576,749,347,66;576,749,716,88;576,749,1008,286;510,414,0,6;510,414,0,6;510,414,0,6;
556,726,503,2;551,729,824,362;552,731,309,345;552,731,812,318;550,730,539,229;551,729,865,363;552,731,592,300;569,751,355,208;570,752,788,67;574,750,557,134;577,758,984,176;571,753,962,75;575,751,94,43;574,750,814,162;510,414,0,6;510,414,0,6;510,414,0,6;
469,321,704,251;469,321,840,363;469,320,5,21;469,321,678,247;469,321,1003,101;470,321,15,36;469,321,43,25;506,780,550,296;526,783,867,271;515,752,578,61;520,754,586,234;531,759,697,359;537,777,740,156;535,763,612,146;510,414,0,6;510,414,0,6;510,414,0,6;
480,324,45,14;480,324,745,313;480,324,310,126;480,324,563,298;480,323,302,248;480,324,599,235;480,324,108,201;512,402,858,95;509,390,936,172;503,388,682,86;502,400,929,98;507,403,905,97;503,400,422,284;504,403,429,132;510,414,0,6;510,414,0,6;510,414,0,6;
460,382,423,349;461,381,104,338;460,381,222,194;461,381,778,261;462,384,138,339;460,383,424,73;462,384,150,109;492,328,616,238;492,328,90,337;492,328,947,173;479,330,144,45;483,325,644,148;496,338,765,91;489,334,468,290;510,414,0,6;510,414,0,6;510,414,0,6;
591,769,861,270;584,767,801,160;582,770,536,228;591,769,320,203;585,771,270,238;583,772,187,113;584,772,419,282;556,722,533,131;581,725,630,148;556,722,990,284;556,724,868,271;557,709,351,67;556,722,232,118;555,719,305,249;510,414,0,6;510,414,0,6;510,414,0,6;
432,92,666,1;501,223,829,319;499,224,628,356;501,223,59,28;498,224,567,142;499,224,8,8;499,224,689,248;479,245,115,49;484,246,213,193;479,245,452,75;480,244,326,204;482,245,185,113;482,264,940,74;480,245,438,350;510,414,0,6;510,414,0,6;510,414,0,6;
513,384,851,321;517,393,28,11;512,402,858,95;509,390,443,350;511,385,284,201;506,399,890,168;503,388,682,86;555,286,431,25;509,285,457,219;507,294,161,188;509,292,393,273;527,338,875,71;498,323,119,7;513,336,671,16;510,414,0,6;510,414,0,6;510,414,0,6;
495,405,80,337;497,393,196,114;491,396,29,184;495,406,437,26;502,400,929,98;503,404,169,46;503,402,444,133;492,328,657,305;492,328,543,229;492,328,90,337;496,338,404,216;503,332,286,125;489,334,915,169;496,338,765,91;510,414,0,6;510,414,0,6;510,414,0,6;
469,323,133,8;469,320,251,236;469,320,9,3;469,321,704,251;469,321,149,52;469,321,678,247;469,321,181,214;556,755,261,123;556,755,632,239;543,767,759,258;547,759,797,264;547,759,549,296;564,775,850,5;546,759,712,309;510,414,0,6;510,414,0,6;510,414,0,6;
477,356,182,190;478,356,950,330;470,365,665,150;482,364,435,124;482,364,78,35;482,364,507,224;482,372,139,20;479,330,144,45;475,327,495,222;478,324,485,137;479,325,35,37;478,324,86,41;480,325,720,252;479,325,562,297;510,414,0,6;510,414,0,6;510,414,0,6;
583,772,959,367;583,772,187,113;583,773,99,105;583,773,809,265;583,772,613,301;583,773,807,317;583,773,1015,287;579,757,248,233;580,759,727,155;573,752,862,166;577,758,529,353;575,751,94,43;577,758,783,159;571,753,962,75;510,414,0,6;510,414,0,6;510,414,0,6;
583,773,870,323;583,773,527,139;583,773,366,264;583,773,831,28;583,773,977,283;583,773,842,165;583,773,825,267;523,743,767,260;529,739,306,250;528,745,857,95;536,736,582,233;538,744,540,59;529,739,919,365;535,735,92,104;510,414,0,6;510,414,0,6;510,414,0,6;
583,773,269,199;583,773,760,259;583,773,690,87;583,773,963,368;583,773,856,269;583,773,961,281;583,773,531,81;549,724,701,308;551,729,369,211;549,726,883,273;549,722,833,320;556,725,946,330;556,726,503,2;553,723,292,243;510,414,0,6;510,414,0,6;510,414,0,6;
544,736,97,337;543,735,336,258;539,738,966,281;538,744,540,59;546,741,992,285;540,745,729,254;544,738,68,31;507,409,312,127;507,409,835,320;507,409,903,326;507,409,622,356;507,409,784,262;507,409,79,110;434,86,742,360;432,92,666,1;435,85,680,306;434,86,289,344;
483,241,204,115;483,241,816,93;483,241,626,303;484,241,40,12;483,240,81,40;484,241,491,78;527,218,594,83;501,223,59,28;523,229,343,129;505,225,331,205;529,223,134,51;529,224,112,107;503,334,209,193;504,334,715,310;504,332,272,200;503,332,286,125;504,333,236,341;
585,744,308,251;585,745,982,332;585,745,786,66;585,745,755,314;585,745,249,234;585,745,519,353;487,342,244,59;477,356,182,190;478,351,773,315;470,347,688,247;468,350,553,60;478,332,718,251;471,326,135,44;469,323,133,8;459,323,55,39;467,330,264,124;468,330,274,200;
543,218,743,313;544,222,216,227;540,220,593,300;540,221,299,246;544,222,290,202;540,221,168,188;497,227,590,234;497,226,12,4;497,226,36,107;497,226,434,286;497,226,230,195;497,226,333,205;498,224,567,142;499,224,689,248;499,225,258,122;499,225,762,157;499,225,195,192;
479,325,234,231;479,324,493,222;479,325,35,37;479,325,935,329;479,325,231,230;479,324,177,212;484,240,403,276;484,240,200,221;484,240,405,277;484,240,489,352;484,240,525,227;484,240,163,209;469,321,151,339;469,321,215,115;469,321,157,340;469,321,676,152;469,321,31,38;
503,400,422,284;504,402,520,293;504,403,429,132;503,400,719,360;503,402,66,195;503,400,692,249;235,824,330,10;450,919,800,264;454,899,515,293;435,856,514,58;448,885,699,250;426,987,510,80;495,405,80,337;491,395,931,366;497,393,196,114;495,405,939,173;488,394,354,51;
554,702,50,38;550,702,687,86;552,701,598,355;552,702,183,112;552,702,943,99;552,702,361,210;481,325,345,206;480,325,720,252;480,325,976,282;480,324,745,313;480,325,391,272;480,324,599,235;490,322,178,213;490,322,218,194;490,321,914,328;490,322,750,257;490,322,941,367;
499,225,162,110;499,225,258,122;499,224,908,98;499,224,227,229;499,225,195,192;499,224,180,111;493,365,398,215;492,364,449,127;489,352,332,128;496,356,711,63;488,370,445,74;487,364,246,197;514,418,120,204;518,415,461,57;513,416,925,329;512,419,114,48;511,415,474,220;
469,321,145,339;469,321,157,340;469,321,676,152;469,321,496,292;469,321,203,56;469,321,31,38;470,321,375,212;470,321,364,68;470,321,607,300;470,321,15,36;470,321,239,117;470,321,672,246;427,315,73,32;475,287,390,215;459,323,55,39;466,318,229,117;476,304,776,159;
498,323,119,7;509,292,937,172;506,293,679,306;509,292,393,273;506,293,902,326;507,292,214,226;540,220,593,300;540,221,299,246;541,221,121,182;535,224,541,4;537,225,268,124;537,225,102,42;514,360,136,19;506,353,853,70;514,344,193,55;516,355,432,285;515,358,56,40;
506,293,679,306;482,305,895,73;477,286,476,220;505,288,105,46;506,292,39,336;506,293,902,326;525,417,240,58;518,415,461,57;524,404,565,142;529,415,316,49;525,389,970,18;531,373,340,50;514,363,255,121;507,367,617,147;514,366,791,361;514,366,486,77;507,367,930,278;
482,242,441,133;483,241,816,93;483,241,626,303;483,242,109,202;483,242,191,192;483,242,259,122;477,351,113,181;478,351,773,315;478,356,950,330;468,350,553,60;470,365,665,150;480,363,974,175;452,390,738,256;406,362,754,157;454,390,260,198;458,380,14,6;458,388,848,269;
505,412,945,32;510,415,597,136;510,414,100,44;511,414,381,213;510,415,300,202;510,415,65,15;511,414,381,213;510,414,100,44;510,414,10,9;510,414,0,6;510,414,603,236;510,414,118,203;554,703,1019,76;551,708,576,232;550,702,640,85;552,702,568,143;552,702,183,112;
483,241,626,303;484,241,491,78;483,242,179,190;483,242,969,149;483,242,650,62;483,242,259,122;499,225,258,122;499,225,24,182;499,225,142,186;499,225,762,157;499,225,7,104;499,224,180,111;508,379,705,154;507,378,18,37;509,390,443,350;511,385,284,201;503,388,682,86;
496,338,656,242;496,338,404,216;503,332,286,125;503,342,852,94;504,334,715,310;503,333,19,180;484,245,906,276;492,252,57,41;492,253,669,245;482,245,185,113;479,245,927,171;482,264,940,74;539,748,352,346;539,748,511,225;542,746,843,321;538,744,540,59;540,745,729,254;
492,324,702,87;490,322,413,217;490,322,32,185;490,322,178,213;489,322,844,69;490,322,941,367;458,380,14,6;460,382,423,349;460,381,337,206;461,381,104,338;461,382,896,169;460,380,58,336;514,363,255,121;515,360,560,141;515,360,174,340;514,360,136,19;515,360,749,314;
544,736,604,236;547,735,513,81;547,736,221,341;544,738,68,31;547,736,881,364;547,737,756,90;497,227,590,234;497,226,434,286;497,225,2,19;497,226,123,182;497,226,318,346;497,226,110,106;504,402,520,293;503,400,130,184;503,402,87,111;503,402,444,133;503,400,692,249;
480,324,334,128;480,325,295,344;480,324,406,71;480,325,170,210;479,324,793,263;479,325,691,248;513,407,433,56;518,415,461,57;510,413,344,65;510,411,808,161;513,416,925,329;511,414,721,88;505,407,967,368;504,408,614,146;505,404,546,296;503,404,169,46;507,407,293,23;
489,352,332,128;492,364,146,186;488,370,445,74;482,364,78,35;485,353,471,77;482,364,507,224;207,1266,394,130;490,1249,869,364;404,1268,548,12;219,1293,646,241;244,1301,901,326;220,1294,225,116;487,342,244,59;489,352,332,128;485,353,471,77;492,347,276,48;488,351,220,116;
484,240,163,209;484,240,525,227;484,240,483,291;484,241,40,12;483,240,81,40;484,241,372,267;452,390,738,256;423,445,428,55;495,406,437,26;462,388,22,22;452,389,48,190;458,388,848,269;521,730,637,303;515,752,578,61;533,733,999,34;523,743,767,260;529,739,306,250;
583,773,366,264;583,773,1007,370;583,773,760,259;583,773,961,281;583,773,977,283;583,773,1010,178;582,772,723,89;583,773,250,235;583,773,527,139;583,773,732,312;583,773,960,331;583,773,809,265;492,328,543,229;498,323,119,7;504,332,272,200;503,331,16,2;503,332,286,125;
503,333,19,180;504,333,236,341;513,336,671,16;503,331,16,2;503,332,286,125;503,331,84,199;469,326,21,181;469,330,278,343;467,330,264,124;471,326,135,44;468,330,667,151;467,330,67,30;480,324,406,71;479,324,700,153;479,324,793,263;479,324,177,212;479,324,493,222;
469,321,13,5;469,321,897,274;469,321,202,341;469,321,215,115;469,321,233,118;469,321,288,125;513,384,851,321;508,379,705,154;513,383,4,7;509,390,443,350;509,390,936,172;508,387,53,192;480,324,887,168;480,323,302,248;480,324,310,126;480,324,194,218;480,323,564,141;
555,258,949,279;544,222,216,227;540,221,299,246;541,221,121,182;540,247,487,221;538,225,247,120;512,419,114,48;505,412,945,32;511,415,474,220;510,415,597,136;510,414,186,191;510,415,65,15;482,242,441,133;483,242,426,217;483,242,508,224;483,242,179,190;483,242,259,122;
591,769,861,270;595,770,1006,334;585,771,916,170;585,771,270,238;596,773,49,26;584,773,544,230;427,315,73,32;432,92,666,1;390,374,479,135;406,362,754,157;474,272,155,109;479,245,452,75;510,414,188,191;510,414,10,9;510,414,189,215;510,414,603,236;510,414,561,231;
479,245,115,49;479,245,927,171;481,245,378,347;480,245,438,350;482,242,441,133;482,243,184,112;539,738,966,281;538,744,540,59;536,736,582,233;537,735,651,85;536,736,846,363;536,736,425,349;517,419,911,277;514,419,706,308;512,419,114,48;518,415,461,57;513,417,37,186;
501,223,59,28;523,229,343,129;502,229,910,30;501,225,726,253;501,224,611,145;523,222,98,180;497,226,12,4;497,226,36,107;497,227,198,114;497,226,434,286;497,226,228,117;497,226,123,182;484,245,906,276;492,252,57,41;484,243,1013,334;484,243,542,295;486,239,451,3;
461,381,104,338;460,381,222,194;460,380,472,352;460,380,670,245;461,381,778,261;460,380,58,336;479,330,144,45;483,325,644,148;480,324,45,14;480,325,720,252;480,325,137,185;480,324,745,313;469,321,253,60;469,321,211,225;469,321,151,339;469,321,31,38;469,321,25,23;
576,765,813,162;570,759,782,65;573,761,764,315;581,769,677,246;564,775,850,5;576,774,625,84;482,372,139,20;482,373,82,18;483,373,69,16;483,373,63,336;483,373,126,338;483,373,484,136;553,721,620,147;554,723,506,223;554,720,534,228;556,722,990,284;556,722,232,118;
583,774,570,143;583,773,325,63;583,773,744,256;583,773,831,28;583,773,662,243;583,773,528,295;569,752,459,351;569,752,358,261;568,750,790,17;570,752,788,67;573,752,862,166;574,750,814,162;497,226,318,346;497,226,110,106;497,225,871,96;497,225,1,103;497,225,2,19;
583,773,821,267;583,773,731,311;583,773,872,323;583,773,842,165;583,773,690,87;583,773,760,259;573,760,988,369;570,759,782,65;573,761,764,315;577,758,529,353;571,753,962,75;577,758,783,159;484,240,200,221;484,240,129,183;483,240,81,40;484,240,525,227;484,240,257,198;
552,701,132,185;552,702,943,99;552,702,183,112;552,702,314,345;552,702,287,344;552,702,606,237;529,223,681,358;529,223,238,232;535,224,541,4;529,224,453,351;529,223,501,223;529,224,319,254;480,325,96,105;480,325,295,344;480,325,156,110;480,324,241,196;479,325,691,248;
559,678,1011,101;516,672,75,34;552,693,416,349;550,694,165,113;549,695,54,39;552,693,223,116;550,726,1022,178;556,726,503,2;551,729,824,362;550,730,539,229;551,729,865,363;549,726,883,273;570,759,782,65;569,754,659,357;571,753,962,75;569,754,396,274;570,753,648,149;
478,324,86,41;479,325,709,359;479,325,275,343;479,324,700,153;479,324,493,222;479,325,234,231;470,321,379,213;470,321,152,187;470,321,364,68;470,321,15,36;470,321,660,358;470,321,545,230;479,324,103,200;479,324,493,222;479,325,935,329;479,324,793,263;479,325,128,183;
469,323,133,8;470,321,375,212;470,321,364,68;469,321,149,52;470,321,504,138;470,321,545,230;510,414,186,191;510,415,65,15;510,414,100,44;511,414,721,88;510,414,188,191;510,414,10,9;490,321,217,228;490,322,413,217;490,322,32,185;490,322,218,194;490,321,914,328;
482,373,82,18;483,374,728,311;483,374,254,342;483,373,63,336;483,373,126,338;483,373,484,136;513,711,574,299;521,730,637,303;521,720,623,302;515,752,578,61;542,711,411,11;542,712,944,330;469,321,952,174;469,321,149,52;469,321,678,247;469,321,3,20;469,321,288,125;
427,315,73,32;457,319,44,187;474,272,155,109;476,304,776,159;482,305,895,73;477,286,476,220;492,364,146,186;488,370,445,74;499,372,942,99;492,364,449,127;500,368,818,266;496,356,711,63;510,414,118,203;510,414,603,236;510,414,153,339;510,414,913,365;510,414,561,231;
514,424,212,115;515,425,675,152;514,424,206,223;516,425,735,255;516,424,649,304;516,423,585,233;492,328,947,173;496,338,38,108;496,338,656,242;496,338,765,91;503,334,209,193;503,332,286,125;499,224,440,288;499,224,227,229;499,224,180,111;499,224,698,308;499,224,922,278;
489,322,304,345;490,321,217,228;490,322,218,194;489,322,844,69;489,321,427,350;490,322,178,213;482,243,184,112;482,242,441,133;483,243,685,153;483,242,639,357;483,242,109,202;483,242,508,224;479,324,700,153;480,324,917,328;479,323,589,13;480,324,647,242;480,324,406,71;
488,370,445,74;493,381,205,222;484,386,475,135;484,377,173,21;484,373,805,93;489,386,573,298;484,377,173,21;484,373,1004,151;484,373,805,93;483,373,197,219;483,373,69,16;483,373,484,136;480,324,108,201;480,324,917,328;480,323,564,141;480,324,310,126;480,324,647,242;
408,1175,380,347;488,1237,297,62;404,1268,548,12;424,1089,827,268;408,1175,904,327;449,1177,601,356;555,286,431,25;509,292,937,172;511,265,951,33;508,266,101,45;505,288,105,46;509,292,393,273;484,377,173,21;483,374,728,311;483,374,254,342;484,373,436,218;483,373,484,136;
513,416,925,329;512,419,114,48;513,417,37,186;511,414,721,88;510,415,300,202;510,415,65,15;474,272,155,109;475,287,390,215;506,293,171,189;505,288,105,46;482,270,283,61;482,305,895,73;499,224,696,307;499,224,141,108;499,224,409,279;499,224,8,8;499,224,243,120;
537,225,268,124;538,225,1017,335;537,226,282,242;537,225,684,359;537,225,899,275;537,225,482,136;555,258,949,279;544,222,290,202;538,225,247,120;511,265,951,33;537,246,348,346;535,232,160,53;485,237,558,140;484,240,403,276;483,240,81,40;484,240,129,183;484,240,163,209;
479,324,370,212;479,325,234,231;479,324,103,200;479,324,700,153;479,325,128,183;479,324,177,212;474,323,737,312;479,330,144,45;478,324,485,137;471,326,135,44;473,332,164,111;479,325,979,175;488,370,445,74;499,372,942,99;494,381,467,76;487,378,430,218;489,386,573,298;
529,223,134,51;529,223,681,358;529,223,878,364;529,224,453,351;529,224,407,278;529,223,365,210;556,725,946,330;556,724,868,271;553,723,292,243;554,720,154,207;553,721,620,147;556,722,990,284;514,419,706,308;515,424,399,216;514,424,212,115;512,419,114,48;516,423,585,233;
487,364,246,197;485,353,471,77;478,356,950,330;482,364,435,124;482,364,78,35;480,363,974,175;483,242,426,217;483,242,639,357;483,242,109,202;483,243,854,322;483,243,117,338;483,242,259,122;469,321,281,241;469,321,85,103;469,321,496,292;469,321,763,158;469,321,203,56;
539,748,352,346;528,745,857,95;544,747,6,36;542,746,843,321;538,754,888,273;539,748,61,193;450,880,752,90;454,898,608,238;454,899,515,293;448,885,518,293;448,885,517,226;448,885,699,250;469,321,280,240;469,321,253,60;469,321,148,206;469,321,763,158;469,321,31,38;
450,880,752,90;447,885,609,301;448,885,373,347;448,885,518,293;448,886,516,225;448,885,535,354;549,724,701,308;544,726,751,64;542,712,408,72;549,722,833,320;549,715,1005,35;553,721,620,147;505,288,105,46;506,292,39,336;507,294,161,188;509,292,393,273;506,293,902,326;
484,240,129,183;484,240,70,17;484,240,489,352;484,240,163,209;484,240,483,291;484,240,257,198;469,384,933,279;462,388,22,22;462,388,522,138;467,381,889,72;469,384,859,270;464,386,864,323;543,218,743,313;555,258,949,279;590,117,494,79;541,221,121,182;544,222,290,202;
549,715,1005,35;554,720,794,143;554,719,376,269;554,720,154,207;553,721,620,147;556,722,232,118;585,771,916,170;584,767,801,160;583,772,187,113;582,772,723,89;581,769,677,246;576,774,625,84;490,322,413,217;489,321,427,350;490,321,208,22;490,321,914,328;490,322,178,213;
551,729,865,363;551,729,369,211;549,726,883,273;550,730,638,240;552,730,847,166;552,731,592,300;492,328,657,305;492,324,702,87;498,323,119,7;503,331,84,199;503,332,286,125;492,328,947,173;499,225,142,186;499,224,908,98;499,224,190,216;499,224,440,288;499,224,180,111;
591,769,320,203;585,771,270,238;596,773,49,26;583,773,99,105;584,773,642,304;583,773,325,63;470,321,379,213;470,321,375,212;470,321,523,294;470,321,660,358;470,321,504,138;470,321,714,310;479,325,35,37;480,325,156,110;479,325,935,329;479,325,691,248;479,325,128,183;
207,1266,394,130;244,1300,488,78;320,1143,804,145;235,824,330,10;324,1123,849,94;338,1150,465,134;510,414,10,9;510,413,23,10;510,414,315,24;510,414,189,215;510,414,118,203;510,414,913,365;479,325,709,359;479,324,370,212;479,324,493,222;479,325,128,183;479,325,35,37;
586,800,923,31;583,774,570,143;564,775,850,5;582,774,994,333;582,774,810,317;576,774,625,84;554,703,1019,76;552,703,51,191;550,702,640,85;542,711,411,11;557,709,351,67;549,715,1005,35;529,223,134,51;529,223,681,358;529,223,878,364;535,224,541,4;529,223,365,210;
529,739,997,177;538,744,540,59;536,736,328,204;536,736,655,305;535,735,92,104;536,736,425,349;517,424,683,307;517,419,911,277;514,419,706,308;515,424,399,216;514,424,206,223;516,424,649,304;580,759,727,155;584,752,624,15;575,751,94,43;577,758,984,176;579,751,774,260;
515,752,578,61;523,743,767,260;531,759,697,359;521,767,884,167;531,759,658,243;528,745,857,95;497,227,198,114;485,235,602,14;497,225,2,19;497,226,230,195;497,226,123,182;497,226,12,4;585,744,907,276;585,744,308,251;585,745,755,314;585,745,787,160;585,745,111,181;
479,323,589,13;480,324,647,242;480,323,564,141;480,323,107,106;480,323,463,289;480,323,664,358;480,325,137,185;480,324,745,313;480,324,887,168;480,325,975,332;480,325,391,272;480,324,563,298;582,772,723,89;583,773,821,267;583,773,527,139;583,773,271,199;582,773,88,103;
510,414,188,191;510,414,0,6;510,414,315,24;510,414,189,215;510,414,118,203;510,414,153,339;544,736,97,337;547,736,224,195;547,735,513,81;544,738,68,31;543,735,336,258;541,732,235,119;468,320,265,342;469,323,133,8;469,320,898,97;469,321,952,174;469,320,9,3;
560,741,957,148;560,742,876,272;561,737,789,68;552,749,388,52;546,741,1020,102;555,739,509,80;552,702,183,112;552,702,568,143;552,702,41,13;552,702,314,345;552,702,383,271;552,702,361,210;499,224,922,278;499,224,440,288;499,224,409,279;499,224,908,98;499,224,696,307;
511,816,307,126;450,880,752,90;450,919,800,264;448,886,516,225;454,899,515,293;586,800,923,31;492,328,657,305;489,322,844,69;492,324,702,87;489,334,915,169;483,325,644,148;492,328,90,337;585,771,916,170;584,772,419,282;591,769,320,203;584,773,642,304;584,773,544,230;
556,755,924,365;556,755,956,331;556,755,261,123;552,749,388,52;547,759,973,174;547,759,549,296;579,764,972,331;576,765,813,162;583,762,860,322;579,764,892,325;581,769,677,246;584,767,801,160;467,330,498,353;467,330,93,42;467,330,661,358;467,330,446,288;467,330,67,30;
583,773,99,105;583,773,325,63;583,773,870,323;583,773,831,28;583,773,770,315;583,773,1015,287;544,726,751,64;547,735,513,81;551,735,392,53;550,730,539,229;549,726,883,273;552,731,592,300;469,321,763,158;469,321,267,342;469,321,211,225;469,321,421,132;469,321,253,60;
535,763,612,146;543,772,395,348;537,777,740,156;543,772,412,348;543,767,759,258;542,765,327,256;207,1266,394,130;208,1385,256,197;219,1292,77,337;219,1293,866,147;220,1294,225,116;219,1293,368,265;469,321,149,52;469,321,85,103;469,321,210,224;469,321,3,20;469,321,203,56;
480,324,917,328;480,324,194,218;479,324,192,217;479,323,589,13;480,323,564,141;479,323,596,235;492,347,276,48;496,338,38,108;503,342,852,94;496,338,765,91;503,334,209,193;496,338,404,216;538,225,1017,335;537,226,140,108;537,225,481,221;537,225,836,164;537,225,899,275;
520,754,586,234;540,758,921,277;538,754,888,273;531,759,697,359;528,745,857,95;535,763,612,146;583,774,570,143;582,774,810,317;583,773,863,96;583,773,353,208;583,773,725,253;583,773,528,295;550,726,1022,178;556,725,946,330;549,722,833,320;554,723,506,223;553,721,620,147;
435,856,514,58;447,885,609,301;448,885,373,347;448,885,518,293;448,885,535,354;448,885,699,250;510,413,344,65;510,413,23,10;510,414,874,272;510,414,629,356;510,414,645,149;510,414,315,24;537,225,836,164;537,225,102,42;537,225,885,325;537,225,296,245;537,225,245,342;
484,246,213,193;492,253,579,355;492,252,57,41;492,253,303,345;482,264,940,74;492,253,125,43;458,380,14,6;467,381,889,72;470,365,665,150;460,381,337,206;460,380,472,352;461,381,778,261;537,225,836,164;537,225,899,275;537,225,885,325;537,225,294,244;537,225,932,366;
471,320,736,89;470,321,152,187;470,321,607,300;470,321,239,117;470,321,15,36;469,320,5,21;576,765,813,162;580,766,633,239;584,767,801,160;582,770,536,228;572,767,346,207;576,774,625,84;537,225,268,124;540,221,168,188;538,225,247,120;544,222,290,202;541,221,121,182;
469,321,704,251;469,321,952,174;469,321,877,167;469,321,181,214;469,321,43,25;469,321,288,125;477,351,113,181;468,350,553,60;467,330,93,42;478,332,718,251;473,332,164,111;468,330,667,151;491,395,931,366;497,393,196,114;489,387,477,291;488,394,354,51;494,381,467,76;
498,224,926,171;498,224,567,142;499,224,141,108;499,224,8,8;499,225,24,182;499,225,762,157;480,325,156,110;480,325,170,210;480,324,241,196;479,325,935,329;479,325,231,230;479,324,793,263;480,324,45,14;480,324,887,168;480,323,581,144;480,324,108,201;480,323,564,141;
502,400,929,98;503,400,130,184;503,400,719,360;503,402,87,111;503,402,66,195;503,402,444,133;527,341,708,155;527,339,995,369;527,338,653,304;514,344,193,55;527,338,880,324;513,336,671,16;557,722,918,170;557,709,351,67;556,722,232,118;549,715,1005,35;554,719,376,269;
454,899,515,293;449,918,131,184;435,856,514,58;448,885,518,293;448,886,516,225;448,885,663,244;515,359,473,290;515,360,560,141;515,358,56,40;515,359,695,359;519,359,106,47;515,358,912,327;521,730,83,198;523,743,767,260;533,733,999,34;529,739,919,365;529,739,997,177;
469,320,9,3;469,320,1001,333;469,321,840,363;469,321,952,174;469,321,678,247;469,321,877,167;487,342,244,59;477,351,113,181;470,347,688,247;479,330,144,45;489,334,468,290;473,332,164,111;585,744,317,253;585,744,907,276;585,745,786,66;585,745,111,181;585,745,249,234;
479,330,144,45;479,325,979,175;481,325,345,206;479,325,562,297;480,325,137,185;480,325,976,282;517,378,143,112;517,378,978,332;517,377,397,70;525,389,970,18;508,379,705,154;513,383,4,7;207,1266,394,130;244,1300,488,78;219,1292,77,337;220,1294,225,116;219,1293,368,265;
583,773,863,96;583,773,662,243;583,773,528,295;583,773,559,297;583,773,532,139;583,773,724,311;500,226,766,259;502,229,910,30;505,225,331,205;499,225,934,366;501,224,611,145;499,225,162,110;585,744,569,354;585,743,673,151;585,744,907,276;585,745,786,66;585,744,308,251;
542,746,843,321;539,748,61,193;538,744,540,59;546,741,992,285;546,741,1002,334;541,738,1023,179;598,760,1016,335;600,763,554,140;584,752,624,15;587,765,400,131;599,743,983,284;590,747,455,27;535,224,541,4;529,224,112,107;529,224,453,351;529,224,407,278;529,223,365,210;
576,749,830,319;576,749,547,354;576,749,772,158;576,749,806,146;576,749,798,361;576,749,971,369;516,425,730,360;517,425,285,343;517,425,329,64;515,424,399,216;515,425,675,152;516,424,649,304;564,679,556,82;570,690,839,321;559,678,1011,101;565,692,323,127;558,693,953,280;
452,389,48,190;454,390,260,198;421,442,577,354;423,445,428,55;390,374,479,135;406,362,754,157;583,773,353,208;583,773,831,28;583,773,753,156;583,773,615,301;583,773,528,295;583,773,532,139;535,763,612,146;539,770,643,241;543,767,759,258;540,758,921,277;546,759,712,309;
587,723,502,79;561,737,789,68;579,736,803,161;581,725,630,148;596,740,769,92;556,726,503,2;492,324,702,87;498,323,119,7;490,322,32,185;490,321,914,328;490,321,208,22;490,322,941,367;523,357,823,362;531,373,340,50;536,340,555,297;519,353,42,24;527,341,708,155;
599,743,795,144;596,740,769,92;599,743,781,316;599,743,983,284;623,777,987,0;587,723,502,79;543,772,412,348;539,770,643,241;564,775,850,5;547,759,973,174;542,765,327,256;546,759,712,309;544,736,97,337;544,736,604,236;539,738,966,281;541,738,1023,179;541,732,235,119;
583,773,356,209;583,773,842,165;583,773,1007,370;583,773,269,199;583,773,690,87;583,773,1010,178;500,229,822,318;497,226,228,117;499,225,418,131;502,229,910,30;501,225,726,253;499,225,934,366;479,323,499,137;479,322,201,341;479,323,589,13;480,323,463,289;479,322,595,145;
515,752,578,61;520,754,586,234;521,730,83,198;528,745,857,95;529,739,306,250;529,739,997,177;579,757,248,233;584,752,624,15;579,749,958,280;576,750,654,305;577,750,571,82;575,751,94,43;502,350,492,130;506,353,853,70;503,342,852,94;502,351,460,289;492,347,276,48;
579,736,803,161;580,747,1014,287;568,750,790,17;576,749,819,163;579,749,958,280;577,749,811,318;467,381,889,72;460,381,337,206;461,381,104,338;460,380,670,245;461,382,896,169;462,384,150,109;569,752,459,351;569,752,938,366;569,751,355,208;570,752,788,67;569,752,588,299;
492,253,125,43;495,234,717,310;485,235,602,14;492,252,57,41;486,239,451,3;502,229,910,30;507,409,835,320;507,407,293,23;507,409,903,326;507,409,89,179;507,409,79,110;508,410,226,47;576,750,654,305;576,750,792,263;576,749,772,158;576,749,347,66;577,750,571,82;
574,750,814,162;576,749,819,163;576,750,654,305;576,749,347,66;576,750,359,262;575,751,94,43;479,324,103,200;480,324,406,71;480,324,241,196;479,325,935,329;479,325,691,248;479,324,177,212;370,1152,780,92;405,1095,828,319;356,1109,838,164;426,987,510,80;363,1099,834,268;
547,759,549,296;547,759,973,174;546,759,712,309;540,758,921,277;538,754,888,273;544,747,6,36;586,800,923,31;454,898,608,238;454,899,515,293;449,918,131,184;426,987,510,80;473,1177,591,83;583,773,977,283;583,773,985,177;583,773,842,165;583,773,269,199;583,773,1007,370;
583,772,959,367;583,772,981,176;582,772,723,89;583,773,732,312;583,773,271,199;583,773,807,317;560,742,876,272;568,750,790,17;568,752,342,129;563,754,402,54;552,749,388,52;556,755,512,292;219,1292,77,337;219,1292,313,252;219,1293,866,147;220,1294,225,116;219,1293,646,241;
512,669,311,119;516,425,207,57;559,678,1011,101;503,667,955,100;516,672,75,34;508,669,758,91;507,367,930,278;504,373,417,281;493,365,398,215;507,367,617,147;499,372,942,99;496,356,711,63;558,734,841,363;556,726,503,2;551,735,392,53;555,739,509,80;552,731,812,318;
583,773,356,209;583,773,731,311;583,773,250,235;583,773,527,139;583,773,842,165;582,773,88,103;583,773,870,323;583,773,527,139;583,773,985,177;583,773,770,315;583,773,960,331;583,773,1009,286;485,241,524,294;484,240,483,291;484,241,40,12;484,240,257,198;484,241,64,29;
406,1096,587,299;408,1175,904,327;424,1089,761,314;449,1177,454,219;449,1177,601,356;473,1177,591,83;372,1094,363,263;235,824,330,10;356,1109,838,164;324,1123,849,94;426,987,510,80;356,1108,826,362;436,855,928,329;450,880,752,90;435,856,341,121;435,856,514,58;435,856,584,144;
454,390,260,198;452,389,48,190;462,388,22,22;460,383,424,73;458,380,14,6;462,388,522,138;583,773,1010,178;583,773,531,81;583,773,893,365;583,773,961,281;583,773,785,316;583,773,753,156;555,719,305,249;549,715,1005,35;554,720,794,143;556,722,232,118;554,720,534,228;
470,384,1021,371;469,384,933,279;467,381,889,72;482,372,139,20;484,377,173,21;468,384,530,227;598,760,1016,335;587,765,400,131;584,767,801,160;595,770,1006,334;585,771,916,170;591,769,320,203;554,703,1019,76;552,702,537,132;552,702,943,99;552,702,568,143;552,702,41,13;
525,805,583,355;500,795,820,163;506,780,550,296;529,803,993,285;521,767,884,167;537,777,740,156;581,725,630,148;557,722,918,170;556,725,946,330;556,726,503,2;556,722,990,284;554,723,506,223;552,702,943,99;552,702,41,13;552,702,314,345;552,702,287,344;552,702,606,237;
510,414,739,312;510,414,629,356;510,413,668,244;510,414,447,126;510,414,74,33;510,414,645,149;560,741,957,148;556,741,605,237;552,749,388,52;562,750,815,265;568,750,790,17;561,737,789,68;480,325,976,282;480,325,137,185;480,325,975,332;480,324,599,235;480,325,96,105;
549,724,701,308;550,726,1022,178;544,726,751,64;550,730,539,229;551,729,369,211;550,730,638,240;531,759,658,243;528,745,857,95;539,748,511,225;547,759,797,264;540,758,921,277;544,747,6,36;509,285,457,219;505,288,105,46;507,294,161,188;509,292,937,172;507,292,214,226;
478,324,485,137;478,324,86,41;479,323,499,137;479,323,610,137;479,323,589,13;479,323,965,368;469,321,43,25;469,321,279,201;469,321,13,5;469,321,253,60;469,321,202,341;469,321,25,23;563,754,402,54;570,759,782,65;569,754,659,357;569,754,175,211;568,753,627,303;
537,226,282,242;537,225,481,221;537,225,836,164;537,225,296,245;537,225,482,136;537,225,932,366;531,373,340,50;519,359,634,84;525,389,970,18;514,366,486,77;517,378,978,332;517,377,397,70;469,321,415,349;469,321,233,118;469,321,203,56;469,321,676,152;469,321,145,339;
484,246,213,193;492,252,57,41;482,245,185,113;483,243,707,154;484,243,542,295;484,244,122,205;590,747,455,27;585,744,569,354;585,744,317,253;585,745,787,160;585,744,308,251;585,745,249,234;485,237,558,140;486,239,451,3;484,240,405,277;484,240,200,221;484,240,129,183;
525,417,240,58;517,424,683,307;518,415,461,57;516,423,585,233;514,419,706,308;514,418,120,204;531,759,658,243;535,763,612,146;542,765,327,256;547,759,797,264;546,759,712,309;538,754,888,273;484,240,403,276;484,240,129,183;484,240,70,17;484,240,489,352;486,239,451,3;
499,224,141,108;499,224,266,237;499,224,696,307;499,224,190,216;499,224,440,288;499,224,698,308;514,366,47,189;500,368,818,266;507,367,617,147;504,373,417,281;505,373,450,134;514,366,486,77;529,223,134,51;529,224,112,107;529,224,453,351;529,223,501,223;529,224,319,254;
470,384,1021,371;484,386,475,135;488,394,354,51;462,388,22,22;469,384,859,270;468,384,530,227;511,265,951,33;555,286,431,25;540,247,487,221;544,222,290,202;590,117,494,79;544,222,216,227;499,224,199,220;499,224,243,120;499,224,266,237;499,224,696,307;499,224,908,98;
564,680,324,255;565,692,323,127;559,678,1011,101;558,697,652,150;552,693,416,349;552,693,223,116;580,747,1014,287;584,752,624,15;578,747,775,261;579,751,774,260;577,749,811,318;577,750,571,82;564,679,556,82;529,415,322,120;529,415,316,49;517,425,329,64;525,417,240,58;
583,773,269,199;583,773,777,361;583,773,977,283;583,773,856,269;583,773,1010,178;583,773,785,316;543,735,336,258;541,732,235,119;536,736,328,204;538,744,540,59;541,738,1023,179;537,735,651,85;507,367,930,278;505,373,450,134;500,368,818,266;504,373,448,350;499,372,942,99;
508,669,758,91;516,672,75,34;492,682,291,9;549,695,54,39;513,711,574,299;542,711,411,11;480,325,720,252;479,325,562,297;480,325,96,105;480,325,391,272;480,325,137,185;480,325,156,110;585,771,916,170;585,771,270,238;583,772,187,113;584,773,642,304;583,772,613,301;
583,773,366,264;583,773,985,177;583,773,269,199;583,773,777,361;583,773,831,28;583,773,961,281;570,690,886,29;587,723,768,141;558,706,237,119;587,723,502,79;581,725,630,148;557,709,351,67;600,763,554,140;600,782,873,364;623,777,987,0;596,773,49,26;600,782,1018,102;
599,743,757,258;600,763,554,140;623,777,987,0;599,743,781,316;598,757,733,254;590,747,455,27;556,722,533,131;557,722,918,170;556,724,868,271;554,720,154,207;554,723,506,223;556,722,232,118;506,399,890,168;502,400,929,98;503,400,719,360;503,400,130,184;504,403,429,132;
546,741,1002,334;546,741,1020,102;546,741,387,348;540,745,729,254;541,738,1023,179;544,738,68,31;511,816,307,126;525,805,583,355;526,783,867,271;586,800,923,31;564,775,850,5;537,777,740,156;519,353,42,24;510,353,46,188;516,355,500,292;514,344,193,55;515,358,56,40;
576,749,572,135;577,749,845,165;576,749,347,66;576,749,716,88;576,749,830,319;576,749,971,369;583,773,825,267;583,773,1015,287;583,773,770,315;583,773,732,312;583,773,960,331;583,773,807,317;497,226,110,106;497,226,230,195;497,226,228,117;497,226,333,205;497,226,123,182;
579,736,803,161;585,743,673,151;579,749,958,280;584,752,624,15;578,747,775,261;585,745,786,66;583,773,99,105;583,772,981,176;583,773,635,240;583,773,807,317;583,773,770,315;583,773,1009,286;544,726,751,64;533,733,999,34;536,734,989,369;541,732,235,119;537,735,651,85;
499,224,266,237;499,224,908,98;499,224,190,216;499,224,227,229;499,224,922,278;467,330,264,124;467,330,93,42;467,330,661,358;467,330,277,239;467,330,273,343;490,1249,869,364;490,1248,954,367;490,1248,505,353;490,1248,879,324;623,777,987,0;510,414,0,6;510,414,0,6;
502,350,492,130;502,349,339,260;492,347,276,48;506,353,853,70;496,356,711,63;479,322,338,259;479,323,589,13;480,323,107,106;479,322,595,145;479,323,596,235;462,388,522,138;464,386,864,323;463,385,619,302;463,385,686,307;462,385,710,309;510,414,0,6;510,414,0,6;
487,342,244,59;479,330,144,45;489,334,915,169;478,332,718,251;496,338,765,91;463,385,619,302;462,385,710,309;462,384,138,339;460,383,424,73;462,384,150,109;515,359,703,250;515,360,560,141;515,360,674,306;514,360,136,19;515,358,56,40;510,414,0,6;510,414,0,6;
492,391,301,247;494,381,467,76;489,386,573,298;488,394,354,51;484,386,475,135;524,404,565,142;519,395,964,368;517,393,28,11;512,402,858,95;522,393,52,27;484,240,70,17;485,241,524,294;484,240,525,227;484,241,372,267;484,240,257,198;510,414,0,6;510,414,0,6;
469,321,763,158;469,321,210,224;469,321,203,56;469,321,147,187;469,321,31,38;519,359,634,84;519,353,42,24;516,358,116,107;516,355,432,285;515,358,56,40;562,750,815,265;552,749,388,52;556,755,747,313;563,754,402,54;556,755,956,331;510,414,0,6;510,414,0,6;
450,919,800,264;454,898,608,238;449,918,131,184;448,885,699,250;448,886,516,225;448,885,517,226;448,886,516,225;448,885,535,354;448,885,663,244;448,885,699,250;503,404,169,46;504,403,429,132;503,402,444,133;503,402,66,195;503,400,130,184;510,414,0,6;510,414,0,6;
470,321,545,230;470,321,660,358;470,321,714,310;470,321,15,36;469,321,1003,101;484,240,70,17;486,239,451,3;484,240,483,291;484,241,372,267;484,241,64,29;568,752,342,129;563,754,402,54;570,753,648,149;570,752,788,67;568,753,627,303;510,414,0,6;510,414,0,6;
583,773,353,208;583,773,662,243;583,773,744,256;583,773,725,253;583,773,532,139;505,407,967,368;504,408,614,146;507,409,312,127;507,409,835,320;507,407,293,23;484,245,906,276;483,243,707,154;484,243,1013,334;484,244,122,205;484,243,855,322;510,414,0,6;510,414,0,6;
507,407,293,23;505,407,72,196;503,404,169,46;505,403,480,352;507,403,905,97;552,749,388,52;556,755,632,239;547,759,797,264;547,759,973,174;544,747,6,36;500,795,820,163;492,682,291,9;526,783,867,271;515,752,578,61;521,767,884,167;510,414,0,6;510,414,0,6;
531,373,340,50;555,286,431,25;529,352,335,257;527,338,875,71;527,341,708,155;583,773,863,96;583,773,872,323;583,773,690,87;583,773,725,253;583,773,724,311;479,325,979,175;480,325,720,252;479,325,35,37;480,325,976,282;480,325,156,110;510,414,0,6;510,414,0,6;
480,324,887,168;480,325,975,332;480,324,599,235;480,324,310,126;480,324,334,128;468,320,265,342;469,320,898,97;466,318,229,117;467,319,360,347;469,323,133,8;493,381,205,222;487,378,430,218;489,387,477,291;494,381,467,76;484,386,475,135;510,414,0,6;510,414,0,6;
492,682,291,9;509,688,968,282;515,752,578,61;542,711,411,11;513,711,385,214;370,1152,780,92;424,1089,827,268;408,1175,904,327;405,1095,828,319;424,1089,761,314;569,752,459,351;569,752,938,366;569,752,358,261;568,752,342,129;568,750,790,17;510,414,0,6;510,414,0,6;
552,731,309,345;551,735,392,53;550,730,539,229;550,730,638,240;552,730,847,166;543,218,743,313;527,218,594,83;541,221,121,182;540,221,168,188;535,224,541,4;470,321,124,338;471,320,736,89;470,321,152,187;470,321,364,68;470,321,672,246;510,414,0,6;510,414,0,6;
450,880,752,90;435,856,514,58;448,885,663,244;448,885,517,226;448,885,373,347;584,772,419,282;583,772,187,113;583,773,99,105;583,772,981,176;584,773,642,304;583,773,744,256;583,773,532,139;583,773,832,362;583,773,531,81;583,773,753,156;510,414,0,6;510,414,0,6;
273,531,386,130;492,682,291,9;423,445,428,55;503,667,955,100;502,668,837,320;463,385,686,307;463,385,466,289;462,384,150,109;462,384,469,290;462,385,710,309;521,730,637,303;542,712,408,72;533,733,999,34;513,711,385,214;542,712,944,330;510,414,0,6;510,414,0,6;
483,241,816,93;483,242,191,192;483,242,179,190;484,241,491,78;483,241,95,180;563,754,402,54;568,753,526,294;569,754,659,357;569,754,396,274;570,753,648,149;533,733,999,34;521,730,83,198;521,720,623,302;515,752,578,61;513,711,385,214;510,414,0,6;510,414,0,6;
584,772,419,282;585,771,270,238;583,773,99,105;583,772,613,301;584,773,544,230;517,424,683,307;517,425,329,64;515,424,399,216;516,425,735,255;516,423,585,233;527,339,995,369;527,338,748,140;527,339,694,249;527,338,875,71;527,338,880,324;510,414,0,6;510,414,0,6;
576,750,792,263;576,750,359,262;577,750,571,82;579,751,774,260;575,751,94,43;535,735,92,104;537,735,651,85;536,736,846,363;536,736,425,349;536,736,582,233;492,328,543,229;492,324,702,87;492,328,616,238;492,328,90,337;492,328,947,173;510,414,0,6;510,414,0,6;
515,359,473,290;515,360,560,141;514,360,136,19;515,360,749,314;515,360,349,346;506,293,171,189;507,294,161,188;498,323,119,7;482,305,895,73;506,293,902,326;434,86,742,360;434,87,30,179;590,117,494,79;432,92,666,1;434,86,159,340;510,414,0,6;510,414,0,6;
525,417,240,58;517,425,329,64;517,419,911,277;516,423,585,233;516,424,649,304;467,381,889,72;464,386,864,323;463,385,619,302;463,385,466,289;462,384,150,109;499,224,199,220;499,224,141,108;499,224,266,237;499,224,409,279;499,224,922,278;510,414,0,6;510,414,0,6;
499,224,141,108;499,225,762,157;499,224,190,216;499,224,180,111;499,224,922,278;549,726,883,273;550,726,1022,178;549,722,833,320;549,722,521,226;544,726,751,64;517,419,911,277;516,423,585,233;514,424,206,223;512,419,114,48;514,418,120,204;510,414,0,6;510,414,0,6;
462,388,522,138;463,385,619,302;463,385,466,289;460,383,424,73;462,384,469,290;543,767,759,258;542,765,327,256;547,759,797,264;547,759,973,174;540,758,921,277;585,745,982,332;585,745,909,327;585,745,755,314;585,745,787,160;585,745,519,353;510,414,0,6;510,414,0,6;
470,321,523,294;470,321,545,230;469,321,497,352;469,321,1003,101;470,321,504,138;503,334,209,193;503,333,19,180;504,333,236,341;503,342,852,94;513,336,671,16;500,229,822,318;497,227,198,114;485,235,602,14;495,235,779,262;502,229,910,30;510,414,0,6;510,414,0,6;
583,773,559,297;583,773,725,253;583,773,891,325;583,773,690,87;583,773,532,139;482,373,82,18;484,377,173,21;483,373,384,214;483,373,197,219;483,374,254,342;583,773,821,267;582,773,88,103;583,773,356,209;583,773,863,96;583,773,872,323;510,414,0,6;510,414,0,6;
583,773,1009,286;583,773,960,331;583,773,809,265;583,773,271,199;583,773,807,317;471,326,135,44;475,327,495,222;472,321,252,121;478,324,485,137;479,322,127,50;510,414,874,272;510,414,629,356;510,414,60,336;510,414,74,33;510,414,315,24;510,414,0,6;510,414,0,6;
527,218,594,83;590,117,494,79;540,220,593,300;541,221,121,182;544,222,216,227;480,324,45,14;481,325,345,206;480,325,137,185;480,324,887,168;480,324,599,235;556,755,512,292;556,755,924,365;556,755,956,331;563,754,402,54;556,755,261,123;510,414,0,6;510,414,0,6;
515,360,560,141;515,360,674,306;515,360,174,340;515,360,62,194;515,360,349,346;585,745,249,234;585,745,787,160;585,745,111,181;585,745,713,309;585,745,519,353;424,1089,827,268;406,1096,587,299;405,1095,828,319;473,1177,591,83;426,987,510,80;510,414,0,6;510,414,0,6;
576,765,813,162;573,760,988,369;570,759,782,65;572,767,346,207;573,759,357,209;583,773,870,323;583,773,635,240;583,773,825,267;583,773,1015,287;583,773,1009,286;487,342,244,59;485,353,471,77;477,356,182,190;477,351,113,181;478,356,950,330;510,414,0,6;510,414,0,6;
599,743,795,144;599,743,757,258;596,740,769,92;599,743,983,284;590,747,455,27;583,773,777,361;583,773,831,28;583,773,856,269;583,773,961,281;583,773,753,156;477,269,741,360;479,245,452,75;482,265,552,133;482,264,940,74;482,270,283,61;510,414,0,6;510,414,0,6;
552,701,34,106;554,702,50,38;550,702,687,86;552,701,598,355;551,700,1000,100;583,772,981,176;583,773,1015,287;583,773,732,312;583,773,1009,286;583,773,809,265;583,774,570,143;582,774,994,333;577,776,575,232;583,773,662,243;583,773,863,96;510,414,0,6;510,414,0,6;
578,747,775,261;579,749,958,280;576,749,819,163;577,750,571,82;577,749,845,165;555,733,371,266;556,726,503,2;552,731,309,345;551,735,392,53;552,730,847,166;495,234,717,310;497,226,228,117;497,227,198,114;500,226,766,259;502,229,910,30;510,414,0,6;510,414,0,6;
370,1152,780,92;406,1096,587,299;424,1089,761,314;372,1094,363,263;426,987,510,80;501,224,611,145;501,223,59,28;499,224,243,120;499,224,628,356;498,224,926,171;576,749,347,66;576,749,1008,286;576,749,971,369;576,749,772,158;576,749,734,255;510,414,0,6;510,414,0,6;
549,724,701,308;550,726,1022,178;553,723,292,243;549,722,521,226;553,721,620,147;506,407,538,295;507,409,312,127;507,409,89,179;507,407,293,23;507,409,784,262;496,669,618,302;502,668,621,138;508,669,758,91;503,667,955,100;492,682,291,9;510,414,0,6;510,414,0,6;
564,679,556,82;569,690,377,123;570,690,886,29;564,680,324,255;565,692,323,127;539,748,511,225;539,748,61,193;546,741,1002,334;544,747,6,36;540,745,729,254;517,393,28,11;520,392,389,69;509,390,936,172;513,383,4,7;511,385,284,201;510,414,0,6;510,414,0,6;
483,243,117,338;483,242,508,224;483,242,259,122;483,242,650,62;483,243,685,153;483,243,707,154;484,243,1013,334;484,243,542,295;483,242,650,62;484,243,91,104;579,764,892,325;583,762,986,333;580,766,633,239;584,767,801,160;587,765,400,131;510,414,0,6;510,414,0,6;
462,388,522,138;467,381,889,72;468,384,530,227;463,385,686,307;463,385,466,289;583,773,825,267;583,773,985,177;583,773,635,240;583,773,831,28;583,773,770,315;583,773,731,311;583,773,863,96;583,773,356,209;583,773,559,297;583,773,690,87;510,414,0,6;510,414,0,6;
490,1249,869,364;490,1248,954,367;488,1237,297,62;404,1268,548,12;490,1249,458,288;527,338,748,140;527,338,653,304;527,339,694,249;527,338,875,71;513,336,671,16;547,735,513,81;547,736,221,341;551,735,392,53;547,737,756,90;547,736,881,364;510,414,0,6;510,414,0,6;
537,225,294,244;537,225,296,245;537,225,932,366;537,225,245,342;537,225,482,136;583,773,690,87;583,773,963,368;583,773,724,311;583,773,531,81;583,773,532,139;580,759,727,155;579,764,972,331;583,762,860,322;583,762,986,333;580,766,633,239;510,414,0,6;510,414,0,6;
244,1300,693,139;208,1385,256,197;404,1268,548,12;244,1300,488,78;220,1294,225,116;506,293,171,189;506,292,39,336;507,294,161,188;506,293,679,306;507,292,214,226;507,409,89,179;507,409,622,356;507,409,79,110;507,409,784,262;508,410,226,47;510,414,0,6;510,414,0,6;
408,1175,380,347;370,1152,780,92;424,1089,827,268;406,1096,587,299;449,1177,454,219;585,745,920,328;585,745,982,332;585,745,787,160;585,745,713,309;585,745,786,66;515,358,56,40;515,358,442,125;515,359,695,359;515,359,703,250;516,358,116,107;510,414,0,6;510,414,0,6;
490,321,217,228;490,322,32,185;490,322,178,213;490,321,208,22;490,322,750,257;480,324,194,218;480,324,647,242;479,324,192,217;480,324,406,71;480,324,310,126;590,747,455,27;584,752,624,15;585,745,787,160;585,745,786,66;585,745,909,327;510,414,0,6;510,414,0,6;
518,415,461,57;514,413,242,196;511,414,721,88;513,417,37,186;511,415,474,220;511,816,307,126;500,795,820,163;435,856,584,144;435,856,374,268;450,880,752,90;479,325,691,248;479,324,793,263;479,325,231,230;479,325,128,183;479,324,177,212;510,414,0,6;510,414,0,6;
521,720,623,302;513,711,385,214;542,712,71,109;542,712,408,72;542,711,411,11;550,726,1022,178;553,723,292,243;556,726,503,2;556,724,868,271;554,723,506,223;485,353,471,77;477,356,182,190;478,351,773,315;482,364,507,224;480,363,974,175;510,414,0,6;510,414,0,6;
556,755,512,292;556,755,924,365;556,755,632,239;552,749,388,52;556,755,747,313;583,773,527,139;583,773,825,267;583,773,732,312;583,773,1009,286;583,773,271,199;580,759,727,155;580,766,633,239;576,765,813,162;577,758,783,159;579,764,892,325;510,414,0,6;510,414,0,6;
480,324,599,235;480,324,563,298;480,325,391,272;480,325,96,105;480,324,334,128;521,375,900,275;517,378,143,112;525,389,970,18;516,379,722,252;517,377,397,70;585,745,909,327;585,745,786,66;585,745,111,181;585,745,519,353;585,745,713,309;510,414,0,6;510,414,0,6;
580,759,727,155;584,752,624,15;583,762,860,322;579,764,892,325;587,765,400,131;583,773,863,96;582,774,810,317;582,773,88,103;577,776,575,232;576,774,625,84;469,320,898,97;469,320,9,3;469,320,5,21;469,321,704,251;469,321,840,363;510,414,0,6;510,414,0,6;
542,746,843,321;546,741,992,285;544,747,6,36;546,741,1020,102;540,745,729,254;598,760,1016,335;600,763,554,140;591,769,861,270;596,773,49,26;591,769,320,203;484,244,122,205;484,243,542,295;484,243,855,322;484,243,91,104;486,239,451,3;510,414,0,6;510,414,0,6;
600,763,554,140;598,757,733,254;587,765,400,131;591,769,861,270;595,770,1006,334;538,225,247,120;537,225,268,124;537,226,140,108;537,225,481,221;537,226,282,242;509,412,490,129;509,412,167,54;510,411,808,161;510,413,344,65;510,414,0,6;510,414,0,6;510,414,0,6;
506,293,171,189;505,288,105,46;507,292,214,226;506,293,902,326;458,380,14,6;460,381,337,206;460,381,222,194;460,380,472,352;510,414,315,24;510,414,0,6;510,414,739,312;510,414,74,33;483,373,126,338;483,373,384,214;483,373,484,136;483,373,350,207;510,414,0,6;
207,1266,394,130;219,1293,646,241;219,1292,313,252;219,1293,368,265;495,406,437,26;488,394,354,51;495,405,939,173;491,396,29,184;492,328,657,305;492,328,616,238;489,334,915,169;492,328,947,173;543,735,336,258;541,738,1023,179;544,738,68,31;544,736,604,236;510,414,0,6;
460,381,337,206;461,382,896,169;460,381,222,194;461,381,778,261;483,242,639,357;483,243,854,322;483,243,685,153;483,242,508,224;472,321,252,121;470,321,364,68;471,320,736,89;470,321,607,300;482,373,82,18;483,373,63,336;483,373,350,207;483,373,384,214;510,414,0,6;
462,384,469,290;460,383,424,73;462,384,150,109;461,382,896,169;469,321,401,275;469,321,203,56;469,321,676,152;469,321,147,187;469,321,31,38;469,321,148,206;469,321,26,183;469,321,25,23;510,414,315,24;510,414,189,215;510,414,603,236;510,414,913,365;510,414,0,6;
469,321,26,183;469,321,676,152;469,321,31,38;469,321,147,187;434,86,742,360;435,85,680,306;434,86,289,344;432,92,666,1;550,702,262,118;550,702,687,86;550,702,640,85;550,702,263,123;515,360,62,194;514,360,136,19;515,360,349,346;515,360,749,314;510,414,0,6;
479,323,499,137;479,322,127,50;479,322,338,259;479,322,595,145;469,321,43,25;469,321,279,201;469,321,897,274;469,321,288,125;547,737,756,90;547,736,882,324;547,736,224,195;547,736,881,364;504,334,715,310;504,332,272,200;503,333,19,180;513,336,671,16;510,414,0,6;
537,225,102,42;537,225,885,325;537,225,294,244;537,225,482,136;483,374,728,311;483,373,384,214;483,373,197,219;483,373,484,136;468,320,566,298;469,323,133,8;469,320,898,97;469,320,251,236;469,321,85,103;469,321,280,240;469,321,421,132;469,321,763,158;510,414,0,6;
467,330,264,124;467,330,661,358;467,330,67,30;467,330,446,288;478,324,86,41;479,325,709,359;479,324,370,212;479,325,35,37;468,330,667,151;473,332,164,111;471,326,135,44;468,330,274,200;516,425,207,57;516,425,730,360;517,425,329,64;516,425,735,255;510,414,0,6;
552,702,943,99;552,702,314,345;552,702,361,210;552,702,383,271;434,86,742,360;434,87,30,179;434,86,159,340;432,92,666,1;480,324,334,128;480,325,96,105;480,324,241,196;480,325,170,210;520,392,389,69;522,393,52,27;522,392,600,355;522,392,998,370;510,414,0,6;
492,253,991,150;492,253,669,245;492,252,57,41;492,253,125,43;490,322,413,217;489,322,844,69;489,321,427,350;490,321,208,22;552,730,847,166;552,731,812,318;552,731,592,300;551,735,392,53;552,702,287,344;552,702,383,271;552,702,606,237;552,702,361,210;510,414,0,6;
497,226,230,195;497,226,158,208;497,225,2,19;497,226,110,106;540,247,487,221;511,265,951,33;532,237,464,351;535,232,160,53;515,360,674,306;515,360,174,340;514,360,136,19;515,360,749,314;528,745,857,95;539,748,511,225;539,748,61,193;538,744,540,59;510,414,0,6;
459,323,55,39;468,320,566,298;466,318,229,117;469,323,133,8;447,885,609,301;448,885,663,244;448,885,517,226;448,885,535,354;480,245,438,350;480,244,326,204;482,245,185,113;482,243,184,112;449,1177,454,219;408,1175,904,327;404,1268,548,12;370,1152,780,92;510,414,0,6;
547,737,756,90;546,741,992,285;546,741,1020,102;544,738,68,31;537,777,740,156;564,775,850,5;543,772,412,348;539,770,643,241;543,772,395,348;543,767,759,258;539,770,643,241;564,775,850,5;511,404,802,361;513,407,433,56;507,403,905,97;507,407,293,23;510,414,0,6;
469,321,3,20;469,321,233,118;469,321,203,56;469,321,401,275;559,678,1011,101;558,693,953,280;550,692,367,211;552,693,223,116;458,380,14,6;460,383,424,73;460,381,222,194;461,382,896,169;536,736,328,204;536,736,655,305;536,736,846,363;536,736,582,233;510,414,0,6;
489,322,304,345;490,321,217,228;490,322,413,217;490,321,208,22;479,245,927,171;481,245,378,347;480,244,326,204;482,245,185,113;511,385,284,201;509,390,936,172;508,387,53,192;503,388,682,86;505,373,450,134;504,373,417,281;507,378,18,37;499,372,942,99;510,414,0,6;
529,223,501,223;529,224,407,278;529,224,319,254;529,223,365,210;558,706,237,119;554,703,1019,76;558,697,652,150;554,702,50,38;568,750,790,17;569,751,355,208;569,752,358,261;569,752,588,299;537,246,348,346;523,229,343,129;535,232,160,53;511,265,951,33;510,414,0,6;
458,380,14,6;460,381,337,206;460,380,670,245;460,380,58,336;505,404,546,296;503,404,169,46;504,403,429,132;507,403,905,97;484,240,129,183;484,240,70,17;484,240,405,277;484,240,525,227;470,321,714,310;469,321,1003,101;469,321,421,132;470,321,504,138;510,414,0,6;
468,330,667,151;467,330,67,30;467,330,93,42;467,330,277,239;490,1248,954,367;488,1237,297,62;623,777,987,0;490,1249,458,288;585,745,982,332;585,745,755,314;585,745,111,181;585,745,713,309;577,758,984,176;571,753,962,75;573,759,357,209;577,758,783,159;510,414,0,6;
448,885,373,347;448,885,518,293;448,885,517,226;448,885,663,244;576,749,716,88;576,749,772,158;576,749,798,361;576,749,734,255;590,747,455,27;585,743,673,151;585,744,907,276;585,744,317,253;273,531,386,130;452,390,738,256;390,374,479,135;423,445,428,55;510,414,0,6;
508,266,101,45;482,264,940,74;492,253,669,245;492,253,125,43;511,816,307,126;500,795,820,163;529,803,993,285;526,783,867,271;554,702,50,38;550,702,687,86;552,701,132,185;552,701,799,317;522,393,298,344;520,392,389,69;525,389,970,18;522,392,998,370;510,414,0,6;
488,1237,297,62;424,1089,827,268;449,1177,454,219;473,1177,591,83;507,409,312,127;507,409,903,326;507,409,89,179;508,410,226,47;501,223,829,319;499,224,8,8;498,224,926,171;499,224,243,120;510,414,874,272;510,414,315,24;510,414,739,312;510,413,668,244;510,414,0,6;
535,224,541,4;537,226,140,108;537,225,102,42;537,225,836,164;483,242,426,217;483,243,685,153;483,242,508,224;483,243,117,338;235,824,330,10;432,92,666,1;390,374,479,135;273,531,386,130;569,754,175,211;569,754,396,274;568,753,627,303;570,753,648,149;510,414,0,6;
470,321,375,212;470,321,523,294;470,321,545,230;470,321,15,36;467,330,277,239;467,330,67,30;467,330,446,288;467,330,273,343;480,323,564,141;480,323,107,106;480,323,581,144;479,323,596,235;529,223,878,364;529,223,238,232;529,223,501,223;529,223,365,210;510,414,0,6;
537,225,268,124;537,225,102,42;537,225,481,221;537,225,482,136;515,359,703,250;519,359,106,47;515,358,912,327;516,358,116,107;520,754,586,234;531,759,658,243;521,767,884,167;535,763,612,146;479,325,275,343;479,324,370,212;479,325,234,231;479,325,35,37;510,414,0,6;
503,400,422,284;502,400,929,98;503,400,130,184;503,400,692,249;516,425,207,57;515,425,675,152;517,425,285,343;516,425,735,255;474,272,155,109;479,245,452,75;482,270,283,61;482,265,796,316;434,87,30,179;435,85,680,306;434,86,289,344;434,86,159,340;510,414,0,6;
583,773,961,281;583,773,977,283;583,773,785,316;583,773,831,28;514,366,47,189;514,363,255,121;514,366,486,77;519,359,106,47;576,749,547,354;576,749,806,146;576,749,716,88;576,749,734,255;507,403,905,97;512,402,858,95;510,405,414,348;513,407,433,56;510,414,0,6;
531,373,340,50;529,352,335,257;519,359,634,84;519,353,42,24;556,726,503,2;551,729,369,211;552,730,847,166;551,729,865,363;363,1099,834,268;356,1108,470,128;356,1109,838,164;324,1123,849,94;583,773,531,81;583,773,615,301;583,773,893,365;583,773,753,156;510,414,0,6;
469,320,1001,333;469,321,704,251;469,320,5,21;469,321,877,167;559,735,996,370;556,726,503,2;555,739,509,80;555,733,371,266;536,736,328,204;536,736,655,305;537,735,651,85;536,736,425,349;551,729,824,362;550,730,539,229;551,729,369,211;552,730,847,166;510,414,0,6;
208,1385,256,197;404,1268,548,12;490,1248,879,324;490,1249,458,288;600,782,1018,102;601,780,420,283;600,782,771,142;623,777,987,0;529,223,134,51;529,223,681,358;529,223,238,232;529,223,501,223;547,735,513,81;547,736,221,341;547,736,882,324;547,736,224,195;510,414,0,6;
583,773,832,362;583,773,856,269;583,773,531,81;583,773,753,156;510,414,315,24;510,414,189,215;510,414,153,339;510,414,561,231;529,739,306,250;529,739,997,177;533,733,999,34;535,735,92,104;556,755,956,331;556,755,632,239;556,755,747,313;556,755,261,123;510,414,0,6;
497,393,196,114;491,396,29,184;492,391,301,247;488,394,354,51;537,225,899,275;537,225,885,325;537,225,296,245;537,225,482,136;500,226,766,259;501,225,726,253;499,225,418,131;499,225,162,110;570,752,788,67;568,752,342,129;569,752,358,261;569,752,588,299;510,414,0,6;
492,324,702,87;490,322,32,185;490,322,218,194;490,322,750,257;508,266,101,45;511,265,951,33;492,253,125,43;502,229,910,30;490,1248,505,353;488,1237,297,62;490,1248,879,324;490,1249,458,288;582,772,723,89;583,772,187,113;583,773,809,265;583,772,981,176;510,414,0,6;
583,773,891,325;583,773,690,87;583,773,1010,178;583,773,531,81;517,393,28,11;520,392,389,69;518,395,478,291;522,393,52,27;479,323,499,137;479,323,610,137;479,323,894,274;479,323,589,13;504,408,614,146;505,407,72,196;506,407,538,295;507,407,293,23;510,414,0,6;
576,749,1008,286;576,749,830,319;576,749,716,88;576,749,734,255;576,765,813,162;577,758,783,159;573,761,764,315;573,759,357,209;537,732,439,287;533,733,999,34;537,735,651,85;535,735,92,104;527,341,708,155;527,338,875,71;527,339,694,249;527,338,653,304;510,414,0,6;
556,726,503,2;561,737,789,68;558,734,841,363;555,739,509,80;522,393,298,344;522,392,600,355;522,393,52,27;525,389,970,18;583,773,366,264;583,773,842,165;583,773,269,199;583,773,760,259;505,373,450,134;517,377,397,70;507,378,18,37;508,379,705,154;510,414,0,6;
484,386,475,135;484,377,173,21;469,384,859,270;469,384,933,279;510,414,0,6;510,414,0,6;510,414,0,6;510,414,0,6;510,414,0,6;510,414,0,6;510,414,0,6;510,414,0,6;510,414,0,6;510,414,0,6;510,414,0,6;510,414,0,6;510,414,0,6;
